[gd_scene load_steps=14 format=3 uid="uid://bkspddxnw5age"]

[ext_resource type="Script" uid="uid://vl2f5ug6tii2" path="res://SCRIPTS/WorldHandler.gd" id="1_1yqq2"]
[ext_resource type="PackedScene" uid="uid://cbndwh2vqd3f6" path="res://SCENES/space_stars.tscn" id="1_yrher"]
[ext_resource type="PackedScene" uid="uid://bei1ulmtpdmc6" path="res://SCENES/camera_3d.tscn" id="2_1hxv5"]
[ext_resource type="PackedScene" uid="uid://cr0hyqivuk371" path="res://SCENES/Player.tscn" id="3_1yqq2"]
[ext_resource type="PackedScene" uid="uid://bctbdlvmmgvne" path="res://SCENES/player_ui.tscn" id="4_5grk7"]
[ext_resource type="PackedScene" uid="uid://3n4g8h21pfga" path="res://SCENES/transition.tscn" id="6_5grk7"]
[ext_resource type="PackedScene" uid="uid://2qept01rea13" path="res://SCENES/win_area.tscn" id="7_5grk7"]
[ext_resource type="PackedScene" uid="uid://c4ymo0gy0ve2" path="res://SCENES/Undestroyable.tscn" id="9_4n86x"]
[ext_resource type="PackedScene" uid="uid://b7ee8j8er8dnb" path="res://SCENES/velocity_boost.tscn" id="10_65xl4"]
[ext_resource type="PackedScene" uid="uid://c4dvppyqg3b6j" path="res://SCENES/destroyable_obstacle.tscn" id="11_i0xd8"]
[ext_resource type="PackedScene" uid="uid://b1vwjjkpsxbe6" path="res://SCENES/level_ost.tscn" id="12_2dppt"]
[ext_resource type="Script" uid="uid://c6r8yp53yekxw" path="res://SCRIPTS/camera_path.gd" id="12_ns6s3"]

[sub_resource type="Curve3D" id="Curve3D_afph8"]
_data = {
"points": PackedVector3Array(0, 0, 0, 0, 0, 0, 0, 0, 0, 0, 0, 0, 0, 0, 0, 3.50394, 0, 368.591),
"tilts": PackedFloat32Array(0, 0)
}
point_count = 2

[node name="levelEasy" type="Node3D" node_paths=PackedStringArray("character")]
script = ExtResource("1_1yqq2")
nextLevel = "res://SCENES/leveleasy_2.tscn"
character = NodePath("Player")

[node name="DirectionalLight3D" type="DirectionalLight3D" parent="."]
transform = Transform3D(-0.866024, -0.433016, 0.250001, 0, 0.499998, 0.866026, -0.500003, 0.749999, -0.43301, -59.5837, 0.000366211, 83.7752)
shadow_enabled = true

[node name="SpaceStars" parent="." instance=ExtResource("1_yrher")]

[node name="Camera3D" parent="." node_paths=PackedStringArray("player") instance=ExtResource("2_1hxv5")]
transform = Transform3D(1, 0, 0, 0, 0.414693, 0.909961, 0, -0.909961, 0.414693, 265.985, 133.78, 14.6185)
far = 1000.0
player = NodePath("../Player")
height = 30.0

[node name="Player" parent="." instance=ExtResource("3_1yqq2")]
transform = Transform3D(-4.37114e-08, 0, 1, 0, 1, 0, -1, 0, -4.37114e-08, -82.9335, 0.00012207, 44.9797)

[node name="PlayerUI" parent="." node_paths=PackedStringArray("p") instance=ExtResource("4_5grk7")]
p = NodePath("../Player")

[node name="Transition" parent="." instance=ExtResource("6_5grk7")]

[node name="WinArea" parent="." instance=ExtResource("7_5grk7")]
transform = Transform3D(-4.37114e-08, 0, 1, 0, 1, 0, -1, 0, -4.37114e-08, -81.2784, -0.00134277, -333.866)

[node name="CSGCombiner3D" type="CSGCombiner3D" parent="."]
transform = Transform3D(1, 0, 0, 0, 1, 0, 0, 0, 1, 0, 0, 3.28468)
visible = false
layers = 4
use_collision = true

[node name="CSGBox3D" type="CSGBox3D" parent="CSGCombiner3D"]
transform = Transform3D(-4.37114e-08, 0, 1, 0, 1, 0, -1, 0, -4.37114e-08, -83.2516, 0.00012207, 44.4864)
size = Vector3(1, 4.25, 53.4573)

[node name="CSGBox3D4" type="CSGBox3D" parent="CSGCombiner3D"]
transform = Transform3D(-4.37114e-08, 0, 1, 0, 1, 0, -1, 0, -4.37114e-08, -83.2516, 0.00012207, -361.091)
size = Vector3(1, 4.25, 53.4573)

[node name="CSGBox3D2" type="CSGBox3D" parent="CSGCombiner3D"]
transform = Transform3D(-1, 0, -8.74228e-08, 0, 1, 0, 8.74228e-08, 0, -1, -109.458, -0.000366211, -159.847)
size = Vector3(1, 4.25, 408.544)

[node name="CSGBox3D3" type="CSGBox3D" parent="CSGCombiner3D"]
transform = Transform3D(-1, 0, -8.74228e-08, 0, 1, 0, 8.74228e-08, 0, -1, -57.0742, -0.000366211, -159.847)
size = Vector3(1, 4.25, 408.544)

[node name="Asteroid" parent="." instance=ExtResource("9_4n86x")]
transform = Transform3D(-0.0063355, 3.61992e-06, 0.99998, -3.61992e-06, 1, -3.64292e-06, -0.99998, -3.64292e-06, -0.0063355, -65.7075, -0.000312029, -38.6062)

[node name="Asteroid2" parent="." instance=ExtResource("9_4n86x")]
transform = Transform3D(-0.0063355, 3.61992e-06, 0.99998, -3.61992e-06, 1, -3.64292e-06, -0.99998, -3.64292e-06, -0.0063355, -83.5477, -0.000247037, -38.4932)

[node name="Asteroid4" parent="." instance=ExtResource("9_4n86x")]
transform = Transform3D(-0.0063355, 3.61992e-06, 0.99998, -3.61992e-06, 1, -3.64292e-06, -0.99998, -3.64292e-06, -0.0063355, -71.85, -0.000467355, -86.3248)

[node name="Asteroid5" parent="." instance=ExtResource("9_4n86x")]
transform = Transform3D(-0.0063355, 3.61992e-06, 0.99998, -3.61992e-06, 1, -3.64292e-06, -0.99998, -3.64292e-06, -0.0063355, -91.6174, -0.00039531, -86.1995)

[node name="Asteroid3" parent="." instance=ExtResource("9_4n86x")]
transform = Transform3D(-0.0063355, 3.61992e-06, 0.99998, -3.61992e-06, 1, -3.64292e-06, -0.99998, -3.64292e-06, -0.0063355, -99.2891, -0.000189691, -38.3935)

[node name="Asteroid6" parent="." instance=ExtResource("9_4n86x")]
transform = Transform3D(-0.0063355, 3.61992e-06, 0.99998, -3.61992e-06, 1, -3.64292e-06, -0.99998, -3.64292e-06, -0.0063355, -64.5723, -0.000678625, -139.876)

[node name="Asteroid7" parent="." instance=ExtResource("9_4n86x")]
transform = Transform3D(-0.0063355, 3.61992e-06, 0.99998, -3.61992e-06, 1, -3.64292e-06, -0.99998, -3.64292e-06, -0.0063355, -82.4126, -0.000613633, -139.763)

[node name="Asteroid8" parent="." instance=ExtResource("9_4n86x")]
transform = Transform3D(-0.0063355, 3.61992e-06, 0.99998, -3.61992e-06, 1, -3.64292e-06, -0.99998, -3.64292e-06, -0.0063355, -75.4514, -0.0008228, -184.263)

[node name="Asteroid9" parent="." instance=ExtResource("9_4n86x")]
transform = Transform3D(-0.0063355, 3.61992e-06, 0.99998, -3.61992e-06, 1, -3.64292e-06, -0.99998, -3.64292e-06, -0.0063355, -93.2916, -0.000757808, -184.15)

[node name="Asteroid10" parent="." instance=ExtResource("9_4n86x")]
transform = Transform3D(-0.0063355, 3.61992e-06, 0.99998, -3.61992e-06, 1, -3.64292e-06, -0.99998, -3.64292e-06, -0.0063355, -98.1539, -0.000556287, -139.663)

[node name="VelocityBoost" parent="." instance=ExtResource("10_65xl4")]
transform = Transform3D(-0.0063355, 3.61992e-06, 0.99998, -3.61992e-06, 1, -3.64292e-06, -0.99998, -3.64292e-06, -0.0063355, -91.5164, -0.000217943, -38.4252)
speedBoost = 30.0

[node name="VelocityBoost2" parent="." instance=ExtResource("10_65xl4")]
transform = Transform3D(-0.0063355, 3.61992e-06, 0.99998, -3.61992e-06, 1, -3.64292e-06, -0.99998, -3.64292e-06, -0.0063355, -73.4155, -0.000284841, -38.8023)
speedBoost = 30.0

[node name="VelocityBoost3" parent="." instance=ExtResource("10_65xl4")]
transform = Transform3D(-0.0063355, 3.61992e-06, 0.99998, -3.61992e-06, 1, -3.64292e-06, -0.99998, -3.64292e-06, -0.0063355, -82.5712, -0.000425613, -86.2343)
speedBoost = 30.0

[node name="VelocityBoost5" parent="." instance=ExtResource("10_65xl4")]
transform = Transform3D(-0.0063355, 3.61992e-06, 0.99998, -3.61992e-06, 1, -3.64292e-06, -0.99998, -3.64292e-06, -0.0063355, -62.882, -0.000509245, -86.3798)
speedBoost = 30.0

[node name="VelocityBoost4" parent="." instance=ExtResource("10_65xl4")]
transform = Transform3D(-0.0063355, 3.61992e-06, 0.99998, -3.61992e-06, 1, -3.64292e-06, -0.99998, -3.64292e-06, -0.0063355, -101.891, -0.000367136, -86.1326)
speedBoost = 30.0

[node name="DestroyableObstacle2" parent="." instance=ExtResource("11_i0xd8")]
transform = Transform3D(-0.0063355, 3.61992e-06, 0.99998, -3.61992e-06, 1, -3.64292e-06, -0.99998, -3.64292e-06, -0.0063355, -102.067, -0.000229, -48.3884)
minSpeed = 40.0

[node name="DestroyableObstacle3" parent="." instance=ExtResource("11_i0xd8")]
transform = Transform3D(-0.0063355, 3.61992e-06, 0.99998, -3.61992e-06, 1, -3.64292e-06, -0.99998, -3.64292e-06, -0.0063355, -95.792, -0.000251859, -48.4281)
minSpeed = 40.0

[node name="DestroyableObstacle4" parent="." instance=ExtResource("11_i0xd8")]
transform = Transform3D(-0.0063355, 3.61992e-06, 0.99998, -3.61992e-06, 1, -3.64292e-06, -0.99998, -3.64292e-06, -0.0063355, -90.0882, -0.000272638, -48.4642)
minSpeed = 40.0

[node name="DestroyableObstacle5" parent="." instance=ExtResource("11_i0xd8")]
transform = Transform3D(-0.0063355, 3.61992e-06, 0.99998, -3.61992e-06, 1, -3.64292e-06, -0.99998, -3.64292e-06, -0.0063355, -84.8116, -0.00029186, -48.4977)
minSpeed = 40.0

[node name="DestroyableObstacle6" parent="." instance=ExtResource("11_i0xd8")]
transform = Transform3D(-0.0063355, 3.61992e-06, 0.99998, -3.61992e-06, 1, -3.64292e-06, -0.99998, -3.64292e-06, -0.0063355, -79.1078, -0.000312639, -48.5338)
minSpeed = 40.0

[node name="DestroyableObstacle7" parent="." instance=ExtResource("11_i0xd8")]
transform = Transform3D(-0.0063355, 3.61992e-06, 0.99998, -3.61992e-06, 1, -3.64292e-06, -0.99998, -3.64292e-06, -0.0063355, -72.8331, -0.000335498, -48.5736)
minSpeed = 40.0

[node name="DestroyableObstacle8" parent="." instance=ExtResource("11_i0xd8")]
transform = Transform3D(-0.0063355, 3.61992e-06, 0.99998, -3.61992e-06, 1, -3.64292e-06, -0.99998, -3.64292e-06, -0.0063355, -67.1293, -0.000356277, -48.6097)
minSpeed = 40.0

[node name="DestroyableObstacle9" parent="." instance=ExtResource("11_i0xd8")]
transform = Transform3D(-0.0063355, 3.61992e-06, 0.99998, -3.61992e-06, 1, -3.64292e-06, -0.99998, -3.64292e-06, -0.0063355, -61.9386, -0.000375187, -48.6426)
minSpeed = 40.0

[node name="DestroyableObstacle11" parent="." instance=ExtResource("11_i0xd8")]
transform = Transform3D(-0.0063355, 3.61992e-06, 0.99998, -3.61992e-06, 1, -3.64292e-06, -0.99998, -3.64292e-06, -0.0063355, -102.359, -0.00039592, -94.4988)
minSpeed = 40.0

[node name="DestroyableObstacle12" parent="." instance=ExtResource("11_i0xd8")]
transform = Transform3D(-0.0063355, 3.61992e-06, 0.99998, -3.61992e-06, 1, -3.64292e-06, -0.99998, -3.64292e-06, -0.0063355, -96.0842, -0.000418778, -94.5386)
minSpeed = 40.0

[node name="DestroyableObstacle13" parent="." instance=ExtResource("11_i0xd8")]
transform = Transform3D(-0.0063355, 3.61992e-06, 0.99998, -3.61992e-06, 1, -3.64292e-06, -0.99998, -3.64292e-06, -0.0063355, -90.3803, -0.000439557, -94.5747)
minSpeed = 40.0

[node name="DestroyableObstacle14" parent="." instance=ExtResource("11_i0xd8")]
transform = Transform3D(-0.0063355, 3.61992e-06, 0.99998, -3.61992e-06, 1, -3.64292e-06, -0.99998, -3.64292e-06, -0.0063355, -85.1038, -0.00045878, -94.6081)
minSpeed = 40.0

[node name="DestroyableObstacle15" parent="." instance=ExtResource("11_i0xd8")]
transform = Transform3D(-0.0063355, 3.61992e-06, 0.99998, -3.61992e-06, 1, -3.64292e-06, -0.99998, -3.64292e-06, -0.0063355, -79.3999, -0.000479559, -94.6443)
minSpeed = 40.0

[node name="DestroyableObstacle16" parent="." instance=ExtResource("11_i0xd8")]
transform = Transform3D(-0.0063355, 3.61992e-06, 0.99998, -3.61992e-06, 1, -3.64292e-06, -0.99998, -3.64292e-06, -0.0063355, -73.1252, -0.000502418, -94.684)
minSpeed = 40.0

[node name="DestroyableObstacle17" parent="." instance=ExtResource("11_i0xd8")]
transform = Transform3D(-0.0063355, 3.61992e-06, 0.99998, -3.61992e-06, 1, -3.64292e-06, -0.99998, -3.64292e-06, -0.0063355, -67.4215, -0.000523196, -94.7202)
minSpeed = 40.0

[node name="DestroyableObstacle18" parent="." instance=ExtResource("11_i0xd8")]
transform = Transform3D(-0.0063355, 3.61992e-06, 0.99998, -3.61992e-06, 1, -3.64292e-06, -0.99998, -3.64292e-06, -0.0063355, -62.2308, -0.000542106, -94.7531)
minSpeed = 40.0

[node name="DestroyableObstacle20" parent="." instance=ExtResource("11_i0xd8")]
transform = Transform3D(-0.0063355, 3.61992e-06, 0.99998, -3.61992e-06, 1, -3.64292e-06, -0.99998, -3.64292e-06, -0.0063355, -102.702, -0.000592152, -148.707)
minSpeed = 40.0

[node name="DestroyableObstacle21" parent="." instance=ExtResource("11_i0xd8")]
transform = Transform3D(-0.0063355, 3.61992e-06, 0.99998, -3.61992e-06, 1, -3.64292e-06, -0.99998, -3.64292e-06, -0.0063355, -96.4276, -0.00061501, -148.746)
minSpeed = 40.0

[node name="DestroyableObstacle22" parent="." instance=ExtResource("11_i0xd8")]
transform = Transform3D(-0.0063355, 3.61992e-06, 0.99998, -3.61992e-06, 1, -3.64292e-06, -0.99998, -3.64292e-06, -0.0063355, -90.7238, -0.000635789, -148.783)
minSpeed = 40.0

[node name="DestroyableObstacle23" parent="." instance=ExtResource("11_i0xd8")]
transform = Transform3D(-0.0063355, 3.61992e-06, 0.99998, -3.61992e-06, 1, -3.64292e-06, -0.99998, -3.64292e-06, -0.0063355, -85.4472, -0.000655012, -148.816)
minSpeed = 40.0

[node name="DestroyableObstacle24" parent="." instance=ExtResource("11_i0xd8")]
transform = Transform3D(-0.0063355, 3.61992e-06, 0.99998, -3.61992e-06, 1, -3.64292e-06, -0.99998, -3.64292e-06, -0.0063355, -79.7434, -0.000675791, -148.852)
minSpeed = 40.0

[node name="DestroyableObstacle25" parent="." instance=ExtResource("11_i0xd8")]
transform = Transform3D(-0.0063355, 3.61992e-06, 0.99998, -3.61992e-06, 1, -3.64292e-06, -0.99998, -3.64292e-06, -0.0063355, -73.4687, -0.00069865, -148.892)
minSpeed = 40.0

[node name="DestroyableObstacle26" parent="." instance=ExtResource("11_i0xd8")]
transform = Transform3D(-0.0063355, 3.61992e-06, 0.99998, -3.61992e-06, 1, -3.64292e-06, -0.99998, -3.64292e-06, -0.0063355, -67.7649, -0.000719429, -148.928)
minSpeed = 40.0

[node name="DestroyableObstacle27" parent="." instance=ExtResource("11_i0xd8")]
transform = Transform3D(-0.0063355, 3.61992e-06, 0.99998, -3.61992e-06, 1, -3.64292e-06, -0.99998, -3.64292e-06, -0.0063355, -62.5742, -0.000738338, -148.961)
minSpeed = 40.0

[node name="DestroyableObstacle38" parent="." instance=ExtResource("11_i0xd8")]
transform = Transform3D(-0.0063355, 3.61992e-06, 0.99998, -3.61992e-06, 1, -3.64292e-06, -0.99998, -3.64292e-06, -0.0063355, -103.808, -0.00122399, -323.247)
minSpeed = 40.0

[node name="DestroyableObstacle39" parent="." instance=ExtResource("11_i0xd8")]
transform = Transform3D(-0.0063355, 3.61992e-06, 0.99998, -3.61992e-06, 1, -3.64292e-06, -0.99998, -3.64292e-06, -0.0063355, -97.5334, -0.00124685, -323.287)
minSpeed = 40.0

[node name="DestroyableObstacle40" parent="." instance=ExtResource("11_i0xd8")]
transform = Transform3D(-0.0063355, 3.61992e-06, 0.99998, -3.61992e-06, 1, -3.64292e-06, -0.99998, -3.64292e-06, -0.0063355, -91.8296, -0.00126762, -323.323)
minSpeed = 40.0

[node name="DestroyableObstacle41" parent="." instance=ExtResource("11_i0xd8")]
transform = Transform3D(-0.0063355, 3.61992e-06, 0.99998, -3.61992e-06, 1, -3.64292e-06, -0.99998, -3.64292e-06, -0.0063355, -86.5531, -0.00128685, -323.357)
minSpeed = 40.0

[node name="DestroyableObstacle42" parent="." instance=ExtResource("11_i0xd8")]
transform = Transform3D(-0.0063355, 3.61992e-06, 0.99998, -3.61992e-06, 1, -3.64292e-06, -0.99998, -3.64292e-06, -0.0063355, -80.8492, -0.00130763, -323.393)
minSpeed = 40.0

[node name="DestroyableObstacle43" parent="." instance=ExtResource("11_i0xd8")]
transform = Transform3D(-0.0063355, 3.61992e-06, 0.99998, -3.61992e-06, 1, -3.64292e-06, -0.99998, -3.64292e-06, -0.0063355, -74.5745, -0.00133048, -323.432)
minSpeed = 40.0

[node name="DestroyableObstacle44" parent="." instance=ExtResource("11_i0xd8")]
transform = Transform3D(-0.0063355, 3.61992e-06, 0.99998, -3.61992e-06, 1, -3.64292e-06, -0.99998, -3.64292e-06, -0.0063355, -68.8707, -0.00135126, -323.469)
minSpeed = 40.0

[node name="DestroyableObstacle45" parent="." instance=ExtResource("11_i0xd8")]
transform = Transform3D(-0.0063355, 3.61992e-06, 0.99998, -3.61992e-06, 1, -3.64292e-06, -0.99998, -3.64292e-06, -0.0063355, -63.68, -0.00137017, -323.501)
minSpeed = 40.0

[node name="DestroyableObstacle47" parent="." instance=ExtResource("11_i0xd8")]
transform = Transform3D(-0.0063355, 3.61992e-06, 0.99998, -3.61992e-06, 1, -3.64292e-06, -0.99998, -3.64292e-06, -0.0063355, -103.776, -0.0012059, -318.25)
minSpeed = 40.0

[node name="DestroyableObstacle48" parent="." instance=ExtResource("11_i0xd8")]
transform = Transform3D(-0.0063355, 3.61992e-06, 0.99998, -3.61992e-06, 1, -3.64292e-06, -0.99998, -3.64292e-06, -0.0063355, -97.5018, -0.00122876, -318.29)
minSpeed = 40.0

[node name="DestroyableObstacle49" parent="." instance=ExtResource("11_i0xd8")]
transform = Transform3D(-0.0063355, 3.61992e-06, 0.99998, -3.61992e-06, 1, -3.64292e-06, -0.99998, -3.64292e-06, -0.0063355, -91.7979, -0.00124954, -318.326)
minSpeed = 40.0

[node name="DestroyableObstacle50" parent="." instance=ExtResource("11_i0xd8")]
transform = Transform3D(-0.0063355, 3.61992e-06, 0.99998, -3.61992e-06, 1, -3.64292e-06, -0.99998, -3.64292e-06, -0.0063355, -86.5214, -0.00126876, -318.36)
minSpeed = 40.0

[node name="DestroyableObstacle51" parent="." instance=ExtResource("11_i0xd8")]
transform = Transform3D(-0.0063355, 3.61992e-06, 0.99998, -3.61992e-06, 1, -3.64292e-06, -0.99998, -3.64292e-06, -0.0063355, -80.8176, -0.00128954, -318.396)
minSpeed = 40.0

[node name="DestroyableObstacle52" parent="." instance=ExtResource("11_i0xd8")]
transform = Transform3D(-0.0063355, 3.61992e-06, 0.99998, -3.61992e-06, 1, -3.64292e-06, -0.99998, -3.64292e-06, -0.0063355, -74.5428, -0.0013124, -318.436)
minSpeed = 40.0

[node name="DestroyableObstacle53" parent="." instance=ExtResource("11_i0xd8")]
transform = Transform3D(-0.0063355, 3.61992e-06, 0.99998, -3.61992e-06, 1, -3.64292e-06, -0.99998, -3.64292e-06, -0.0063355, -68.8391, -0.00133317, -318.472)
minSpeed = 40.0

[node name="DestroyableObstacle54" parent="." instance=ExtResource("11_i0xd8")]
transform = Transform3D(-0.0063355, 3.61992e-06, 0.99998, -3.61992e-06, 1, -3.64292e-06, -0.99998, -3.64292e-06, -0.0063355, -63.6484, -0.00135208, -318.505)
minSpeed = 40.0

[node name="DestroyableObstacle56" parent="." instance=ExtResource("11_i0xd8")]
transform = Transform3D(-0.0063355, 3.61992e-06, 0.99998, -3.61992e-06, 1, -3.64292e-06, -0.99998, -3.64292e-06, -0.0063355, -103.745, -0.00118781, -313.253)
minSpeed = 40.0

[node name="DestroyableObstacle57" parent="." instance=ExtResource("11_i0xd8")]
transform = Transform3D(-0.0063355, 3.61992e-06, 0.99998, -3.61992e-06, 1, -3.64292e-06, -0.99998, -3.64292e-06, -0.0063355, -97.4701, -0.00121067, -313.293)
minSpeed = 40.0

[node name="DestroyableObstacle58" parent="." instance=ExtResource("11_i0xd8")]
transform = Transform3D(-0.0063355, 3.61992e-06, 0.99998, -3.61992e-06, 1, -3.64292e-06, -0.99998, -3.64292e-06, -0.0063355, -91.7663, -0.00123145, -313.329)
minSpeed = 40.0

[node name="DestroyableObstacle59" parent="." instance=ExtResource("11_i0xd8")]
transform = Transform3D(-0.0063355, 3.61992e-06, 0.99998, -3.61992e-06, 1, -3.64292e-06, -0.99998, -3.64292e-06, -0.0063355, -86.4897, -0.00125067, -313.363)
minSpeed = 40.0

[node name="DestroyableObstacle60" parent="." instance=ExtResource("11_i0xd8")]
transform = Transform3D(-0.0063355, 3.61992e-06, 0.99998, -3.61992e-06, 1, -3.64292e-06, -0.99998, -3.64292e-06, -0.0063355, -80.7859, -0.00127145, -313.399)
minSpeed = 40.0

[node name="DestroyableObstacle61" parent="." instance=ExtResource("11_i0xd8")]
transform = Transform3D(-0.0063355, 3.61992e-06, 0.99998, -3.61992e-06, 1, -3.64292e-06, -0.99998, -3.64292e-06, -0.0063355, -74.5112, -0.00129431, -313.439)
minSpeed = 40.0

[node name="DestroyableObstacle62" parent="." instance=ExtResource("11_i0xd8")]
transform = Transform3D(-0.0063355, 3.61992e-06, 0.99998, -3.61992e-06, 1, -3.64292e-06, -0.99998, -3.64292e-06, -0.0063355, -68.8074, -0.00131509, -313.475)
minSpeed = 40.0

[node name="DestroyableObstacle63" parent="." instance=ExtResource("11_i0xd8")]
transform = Transform3D(-0.0063355, 3.61992e-06, 0.99998, -3.61992e-06, 1, -3.64292e-06, -0.99998, -3.64292e-06, -0.0063355, -63.6167, -0.001334, -313.508)
minSpeed = 40.0

[node name="DestroyableObstacle29" parent="." instance=ExtResource("11_i0xd8")]
transform = Transform3D(-0.0063355, 3.61992e-06, 0.99998, -3.61992e-06, 1, -3.64292e-06, -0.99998, -3.64292e-06, -0.0063355, -102.996, -0.000759884, -195.042)
minSpeed = 40.0

[node name="DestroyableObstacle30" parent="." instance=ExtResource("11_i0xd8")]
transform = Transform3D(-0.0063355, 3.61992e-06, 0.99998, -3.61992e-06, 1, -3.64292e-06, -0.99998, -3.64292e-06, -0.0063355, -96.7212, -0.000782743, -195.082)
minSpeed = 40.0

[node name="DestroyableObstacle31" parent="." instance=ExtResource("11_i0xd8")]
transform = Transform3D(-0.0063355, 3.61992e-06, 0.99998, -3.61992e-06, 1, -3.64292e-06, -0.99998, -3.64292e-06, -0.0063355, -91.0173, -0.000803522, -195.118)
minSpeed = 40.0

[node name="DestroyableObstacle32" parent="." instance=ExtResource("11_i0xd8")]
transform = Transform3D(-0.0063355, 3.61992e-06, 0.99998, -3.61992e-06, 1, -3.64292e-06, -0.99998, -3.64292e-06, -0.0063355, -85.7408, -0.000822744, -195.151)
minSpeed = 40.0

[node name="DestroyableObstacle33" parent="." instance=ExtResource("11_i0xd8")]
transform = Transform3D(-0.0063355, 3.61992e-06, 0.99998, -3.61992e-06, 1, -3.64292e-06, -0.99998, -3.64292e-06, -0.0063355, -80.037, -0.000843523, -195.187)
minSpeed = 40.0

[node name="DestroyableObstacle34" parent="." instance=ExtResource("11_i0xd8")]
transform = Transform3D(-0.0063355, 3.61992e-06, 0.99998, -3.61992e-06, 1, -3.64292e-06, -0.99998, -3.64292e-06, -0.0063355, -73.7623, -0.000866382, -195.227)
minSpeed = 40.0

[node name="DestroyableObstacle64" parent="." instance=ExtResource("11_i0xd8")]
transform = Transform3D(-0.0063355, 3.61992e-06, 0.99998, -3.61992e-06, 1, -3.64292e-06, -0.99998, -3.64292e-06, -0.0063355, -96.9667, -0.000923058, -233.843)
minSpeed = 40.0

[node name="DestroyableObstacle65" parent="." instance=ExtResource("11_i0xd8")]
transform = Transform3D(-0.0063355, 3.61992e-06, 0.99998, -3.61992e-06, 1, -3.64292e-06, -0.99998, -3.64292e-06, -0.0063355, -91.2629, -0.000943837, -233.879)
minSpeed = 40.0

[node name="DestroyableObstacle66" parent="." instance=ExtResource("11_i0xd8")]
transform = Transform3D(-0.0063355, 3.61992e-06, 0.99998, -3.61992e-06, 1, -3.64292e-06, -0.99998, -3.64292e-06, -0.0063355, -85.9864, -0.00096306, -233.912)
minSpeed = 40.0

[node name="DestroyableObstacle67" parent="." instance=ExtResource("11_i0xd8")]
transform = Transform3D(-0.0063355, 3.61992e-06, 0.99998, -3.61992e-06, 1, -3.64292e-06, -0.99998, -3.64292e-06, -0.0063355, -80.2825, -0.000983839, -233.948)
minSpeed = 40.0

[node name="DestroyableObstacle68" parent="." instance=ExtResource("11_i0xd8")]
transform = Transform3D(-0.0063355, 3.61992e-06, 0.99998, -3.61992e-06, 1, -3.64292e-06, -0.99998, -3.64292e-06, -0.0063355, -74.0078, -0.0010067, -233.988)
minSpeed = 40.0

[node name="DestroyableObstacle35" parent="." instance=ExtResource("11_i0xd8")]
transform = Transform3D(-0.0063355, 3.61992e-06, 0.99998, -3.61992e-06, 1, -3.64292e-06, -0.99998, -3.64292e-06, -0.0063355, -68.0585, -0.000887161, -195.263)
minSpeed = 40.0

[node name="DestroyableObstacle36" parent="." instance=ExtResource("11_i0xd8")]
transform = Transform3D(-0.0063355, 3.61992e-06, 0.99998, -3.61992e-06, 1, -3.64292e-06, -0.99998, -3.64292e-06, -0.0063355, -62.8678, -0.000906071, -195.296)
minSpeed = 40.0

[node name="VelocityBoost6" parent="." instance=ExtResource("10_65xl4")]
transform = Transform3D(-0.0063355, 3.61992e-06, 0.99998, -3.61992e-06, 1, -3.64292e-06, -0.99998, -3.64292e-06, -0.0063355, -90.5186, -0.000584551, -139.835)
speedBoost = 30.0

[node name="VelocityBoost7" parent="." instance=ExtResource("10_65xl4")]
transform = Transform3D(-0.0063355, 3.61992e-06, 0.99998, -3.61992e-06, 1, -3.64292e-06, -0.99998, -3.64292e-06, -0.0063355, -71.6567, -0.000653265, -139.954)
speedBoost = 30.0

[node name="VelocityBoost8" parent="." instance=ExtResource("10_65xl4")]
transform = Transform3D(-0.0063355, 3.61992e-06, 0.99998, -3.61992e-06, 1, -3.64292e-06, -0.99998, -3.64292e-06, -0.0063355, -101.695, -0.000727301, -184.126)
speedBoost = 30.0

[node name="VelocityBoost9" parent="." instance=ExtResource("10_65xl4")]
transform = Transform3D(-0.0063355, 3.61992e-06, 0.99998, -3.61992e-06, 1, -3.64292e-06, -0.99998, -3.64292e-06, -0.0063355, -84.23, -0.000790925, -184.236)
speedBoost = 30.0

[node name="VelocityBoost10" parent="." instance=ExtResource("10_65xl4")]
transform = Transform3D(-0.0063355, 3.61992e-06, 0.99998, -3.61992e-06, 1, -3.64292e-06, -0.99998, -3.64292e-06, -0.0063355, -64.6652, -0.00085974, -183.685)
speedBoost = 30.0

[node name="Asteroid12" parent="." instance=ExtResource("9_4n86x")]
transform = Transform3D(-0.0063355, 3.61992e-06, 0.99998, -3.61992e-06, 1, -3.64292e-06, -0.99998, -3.64292e-06, -0.0063355, -103.539, -0.00089851, -233.635)

[node name="Asteroid13" parent="." instance=ExtResource("9_4n86x")]
transform = Transform3D(-0.0063355, 3.61992e-06, 0.99998, -3.61992e-06, 1, -3.64292e-06, -0.99998, -3.64292e-06, -0.0063355, -68.2783, -0.00102697, -233.859)

[node name="Asteroid14" parent="." instance=ExtResource("9_4n86x")]
transform = Transform3D(-0.0063355, 3.61992e-06, 0.99998, -3.61992e-06, 1, -3.64292e-06, -0.99998, -3.64292e-06, -0.0063355, -62.0893, -0.00104951, -233.898)

[node name="VelocityBoost11" parent="." instance=ExtResource("10_65xl4")]
transform = Transform3D(-0.0063355, 3.61992e-06, 0.99998, -3.61992e-06, 1, -3.64292e-06, -0.99998, -3.64292e-06, -0.0063355, -93.1721, -0.000913425, -227.428)
speedBoost = 40.0

[node name="VelocityBoost12" parent="." instance=ExtResource("10_65xl4")]
transform = Transform3D(-0.0063355, 3.61992e-06, 0.99998, -3.61992e-06, 1, -3.64292e-06, -0.99998, -3.64292e-06, -0.0063355, -86.1862, -0.000938874, -227.472)
speedBoost = 40.0

[node name="VelocityBoost13" parent="." instance=ExtResource("10_65xl4")]
transform = Transform3D(-0.0063355, 3.61992e-06, 0.99998, -3.61992e-06, 1, -3.64292e-06, -0.99998, -3.64292e-06, -0.0063355, -78.2688, -0.000967717, -227.522)
speedBoost = 40.0

[node name="Asteroid15" parent="." instance=ExtResource("9_4n86x")]
transform = Transform3D(-0.0063355, 3.61992e-06, 0.99998, -3.61992e-06, 1, -3.64292e-06, -0.99998, -3.64292e-06, -0.0063355, -58.8608, -2.76402e-05, 49.819)

[node name="Asteroid16" parent="." instance=ExtResource("9_4n86x")]
transform = Transform3D(-0.0063355, 3.61992e-06, 0.99998, -3.61992e-06, 1, -3.64292e-06, -0.99998, -3.64292e-06, -0.0063355, -64.1448, -8.39063e-06, 49.8525)

[node name="Asteroid17" parent="." instance=ExtResource("9_4n86x")]
transform = Transform3D(-0.0063355, 3.61992e-06, 0.99998, -3.61992e-06, 1, -3.64292e-06, -0.99998, -3.64292e-06, -0.0063355, -69.3015, 1.03955e-05, 49.8851)

[node name="Asteroid18" parent="." instance=ExtResource("9_4n86x")]
transform = Transform3D(-0.0063355, 3.61992e-06, 0.99998, -3.61992e-06, 1, -3.64292e-06, -0.99998, -3.64292e-06, -0.0063355, -74.5855, 2.96452e-05, 49.9186)

[node name="Asteroid19" parent="." instance=ExtResource("9_4n86x")]
transform = Transform3D(-0.0063355, 3.61992e-06, 0.99998, -3.61992e-06, 1, -3.64292e-06, -0.99998, -3.64292e-06, -0.0063355, -79.9136, 4.90553e-05, 49.9524)

[node name="Asteroid20" parent="." instance=ExtResource("9_4n86x")]
transform = Transform3D(-0.0063355, 3.61992e-06, 0.99998, -3.61992e-06, 1, -3.64292e-06, -0.99998, -3.64292e-06, -0.0063355, -85.1976, 6.83047e-05, 49.9859)

[node name="Asteroid21" parent="." instance=ExtResource("9_4n86x")]
transform = Transform3D(-0.0063355, 3.61992e-06, 0.99998, -3.61992e-06, 1, -3.64292e-06, -0.99998, -3.64292e-06, -0.0063355, -90.5257, 8.77149e-05, 50.0196)

[node name="Asteroid22" parent="." instance=ExtResource("9_4n86x")]
transform = Transform3D(-0.0063355, 3.61992e-06, 0.99998, -3.61992e-06, 1, -3.64292e-06, -0.99998, -3.64292e-06, -0.0063355, -95.8096, 0.000106964, 50.0531)

[node name="Asteroid23" parent="." instance=ExtResource("9_4n86x")]
transform = Transform3D(-0.0063355, 3.61992e-06, 0.99998, -3.61992e-06, 1, -3.64292e-06, -0.99998, -3.64292e-06, -0.0063355, -100.453, 0.00012388, 50.0825)

[node name="Asteroid24" parent="." instance=ExtResource("9_4n86x")]
transform = Transform3D(-0.0063355, 3.61992e-06, 0.99998, -3.61992e-06, 1, -3.64292e-06, -0.99998, -3.64292e-06, -0.0063355, -100.71, 0.000124815, 50.0841)

[node name="Asteroid191" parent="." instance=ExtResource("9_4n86x")]
transform = Transform3D(-0.0063355, 3.61992e-06, 0.99998, -3.61992e-06, 1, -3.64292e-06, -0.99998, -3.64292e-06, -0.0063355, -60.0417, -0.00151943, -358.344)

[node name="Asteroid192" parent="." instance=ExtResource("9_4n86x")]
transform = Transform3D(-0.0063355, 3.61992e-06, 0.99998, -3.61992e-06, 1, -3.64292e-06, -0.99998, -3.64292e-06, -0.0063355, -65.3257, -0.00150018, -358.31)

[node name="Asteroid193" parent="." instance=ExtResource("9_4n86x")]
transform = Transform3D(-0.0063355, 3.61992e-06, 0.99998, -3.61992e-06, 1, -3.64292e-06, -0.99998, -3.64292e-06, -0.0063355, -70.4825, -0.00148139, -358.277)

[node name="Asteroid194" parent="." instance=ExtResource("9_4n86x")]
transform = Transform3D(-0.0063355, 3.61992e-06, 0.99998, -3.61992e-06, 1, -3.64292e-06, -0.99998, -3.64292e-06, -0.0063355, -75.7665, -0.00146214, -358.244)

[node name="Asteroid195" parent="." instance=ExtResource("9_4n86x")]
transform = Transform3D(-0.0063355, 3.61992e-06, 0.99998, -3.61992e-06, 1, -3.64292e-06, -0.99998, -3.64292e-06, -0.0063355, -81.0946, -0.00144273, -358.21)

[node name="Asteroid196" parent="." instance=ExtResource("9_4n86x")]
transform = Transform3D(-0.0063355, 3.61992e-06, 0.99998, -3.61992e-06, 1, -3.64292e-06, -0.99998, -3.64292e-06, -0.0063355, -86.3785, -0.00142348, -358.177)

[node name="Asteroid197" parent="." instance=ExtResource("9_4n86x")]
transform = Transform3D(-0.0063355, 3.61992e-06, 0.99998, -3.61992e-06, 1, -3.64292e-06, -0.99998, -3.64292e-06, -0.0063355, -91.7066, -0.00140407, -358.143)

[node name="Asteroid198" parent="." instance=ExtResource("9_4n86x")]
transform = Transform3D(-0.0063355, 3.61992e-06, 0.99998, -3.61992e-06, 1, -3.64292e-06, -0.99998, -3.64292e-06, -0.0063355, -96.9906, -0.00138482, -358.109)

[node name="Asteroid199" parent="." instance=ExtResource("9_4n86x")]
transform = Transform3D(-0.0063355, 3.61992e-06, 0.99998, -3.61992e-06, 1, -3.64292e-06, -0.99998, -3.64292e-06, -0.0063355, -101.634, -0.00136791, -358.08)

[node name="Asteroid200" parent="." instance=ExtResource("9_4n86x")]
transform = Transform3D(-0.0063355, 3.61992e-06, 0.99998, -3.61992e-06, 1, -3.64292e-06, -0.99998, -3.64292e-06, -0.0063355, -101.891, -0.00136697, -358.078)

[node name="Asteroid25" parent="." instance=ExtResource("9_4n86x")]
transform = Transform3D(-0.0063355, 3.61992e-06, 0.99998, -3.61992e-06, 1, -3.64292e-06, -0.99998, -3.64292e-06, -0.0063355, -106.836, 0.000130553, 45.5711)

[node name="Asteroid26" parent="." instance=ExtResource("9_4n86x")]
transform = Transform3D(-0.0063355, 3.61992e-06, 0.99998, -3.61992e-06, 1, -3.64292e-06, -0.99998, -3.64292e-06, -0.0063355, -106.869, 0.000111825, 40.3977)

[node name="Asteroid27" parent="." instance=ExtResource("9_4n86x")]
transform = Transform3D(-0.0063355, 3.61992e-06, 0.99998, -3.61992e-06, 1, -3.64292e-06, -0.99998, -3.64292e-06, -0.0063355, -106.905, 9.14693e-05, 34.7745)

[node name="Asteroid28" parent="." instance=ExtResource("9_4n86x")]
transform = Transform3D(-0.0063355, 3.61992e-06, 0.99998, -3.61992e-06, 1, -3.64292e-06, -0.99998, -3.64292e-06, -0.0063355, -106.933, 7.51843e-05, 30.2758)

[node name="Asteroid29" parent="." instance=ExtResource("9_4n86x")]
transform = Transform3D(-0.0063355, 3.61992e-06, 0.99998, -3.61992e-06, 1, -3.64292e-06, -0.99998, -3.64292e-06, -0.0063355, -106.961, 5.94872e-05, 25.9396)

[node name="Asteroid30" parent="." instance=ExtResource("9_4n86x")]
transform = Transform3D(-0.0063355, 3.61992e-06, 0.99998, -3.61992e-06, 1, -3.64292e-06, -0.99998, -3.64292e-06, -0.0063355, -106.994, 4.07596e-05, 20.7663)

[node name="Asteroid31" parent="." instance=ExtResource("9_4n86x")]
transform = Transform3D(-0.0063355, 3.61992e-06, 0.99998, -3.61992e-06, 1, -3.64292e-06, -0.99998, -3.64292e-06, -0.0063355, -107.029, 2.04036e-05, 15.143)

[node name="Asteroid32" parent="." instance=ExtResource("9_4n86x")]
transform = Transform3D(-0.0063355, 3.61992e-06, 0.99998, -3.61992e-06, 1, -3.64292e-06, -0.99998, -3.64292e-06, -0.0063355, -107.058, 4.11889e-06, 10.6445)

[node name="Asteroid33" parent="." instance=ExtResource("9_4n86x")]
transform = Transform3D(-0.0063355, 3.61992e-06, 0.99998, -3.61992e-06, 1, -3.64292e-06, -0.99998, -3.64292e-06, -0.0063355, -107.09, -1.41624e-05, 5.59438)

[node name="Asteroid34" parent="." instance=ExtResource("9_4n86x")]
transform = Transform3D(-0.0063355, 3.61992e-06, 0.99998, -3.61992e-06, 1, -3.64292e-06, -0.99998, -3.64292e-06, -0.0063355, -107.122, -3.28901e-05, 0.420959)

[node name="Asteroid35" parent="." instance=ExtResource("9_4n86x")]
transform = Transform3D(-0.0063355, 3.61992e-06, 0.99998, -3.61992e-06, 1, -3.64292e-06, -0.99998, -3.64292e-06, -0.0063355, -107.158, -5.32459e-05, -5.20221)

[node name="Asteroid36" parent="." instance=ExtResource("9_4n86x")]
transform = Transform3D(-0.0063355, 3.61992e-06, 0.99998, -3.61992e-06, 1, -3.64292e-06, -0.99998, -3.64292e-06, -0.0063355, -107.187, -6.95309e-05, -9.70082)

[node name="Asteroid37" parent="." instance=ExtResource("9_4n86x")]
transform = Transform3D(-0.0063355, 3.61992e-06, 0.99998, -3.61992e-06, 1, -3.64292e-06, -0.99998, -3.64292e-06, -0.0063355, -107.214, -8.52279e-05, -14.037)

[node name="Asteroid38" parent="." instance=ExtResource("9_4n86x")]
transform = Transform3D(-0.0063355, 3.61992e-06, 0.99998, -3.61992e-06, 1, -3.64292e-06, -0.99998, -3.64292e-06, -0.0063355, -107.247, -0.000103956, -19.2104)

[node name="Asteroid39" parent="." instance=ExtResource("9_4n86x")]
transform = Transform3D(-0.0063355, 3.61992e-06, 0.99998, -3.61992e-06, 1, -3.64292e-06, -0.99998, -3.64292e-06, -0.0063355, -107.282, -0.000124311, -24.8336)

[node name="Asteroid40" parent="." instance=ExtResource("9_4n86x")]
transform = Transform3D(-0.0063355, 3.61992e-06, 0.99998, -3.61992e-06, 1, -3.64292e-06, -0.99998, -3.64292e-06, -0.0063355, -107.311, -0.000140596, -29.3322)

[node name="Asteroid41" parent="." instance=ExtResource("9_4n86x")]
transform = Transform3D(-0.0063355, 3.61992e-06, 0.99998, -3.61992e-06, 1, -3.64292e-06, -0.99998, -3.64292e-06, -0.0063355, -107.338, -0.000155983, -33.5827)

[node name="Asteroid42" parent="." instance=ExtResource("9_4n86x")]
transform = Transform3D(-0.0063355, 3.61992e-06, 0.99998, -3.61992e-06, 1, -3.64292e-06, -0.99998, -3.64292e-06, -0.0063355, -107.371, -0.00017471, -38.756)

[node name="Asteroid43" parent="." instance=ExtResource("9_4n86x")]
transform = Transform3D(-0.0063355, 3.61992e-06, 0.99998, -3.61992e-06, 1, -3.64292e-06, -0.99998, -3.64292e-06, -0.0063355, -107.406, -0.000195066, -44.3792)

[node name="Asteroid44" parent="." instance=ExtResource("9_4n86x")]
transform = Transform3D(-0.0063355, 3.61992e-06, 0.99998, -3.61992e-06, 1, -3.64292e-06, -0.99998, -3.64292e-06, -0.0063355, -107.435, -0.000211351, -48.8778)

[node name="Asteroid45" parent="." instance=ExtResource("9_4n86x")]
transform = Transform3D(-0.0063355, 3.61992e-06, 0.99998, -3.61992e-06, 1, -3.64292e-06, -0.99998, -3.64292e-06, -0.0063355, -107.462, -0.000227048, -53.2141)

[node name="Asteroid46" parent="." instance=ExtResource("9_4n86x")]
transform = Transform3D(-0.0063355, 3.61992e-06, 0.99998, -3.61992e-06, 1, -3.64292e-06, -0.99998, -3.64292e-06, -0.0063355, -107.495, -0.000245776, -58.3875)

[node name="Asteroid47" parent="." instance=ExtResource("9_4n86x")]
transform = Transform3D(-0.0063355, 3.61992e-06, 0.99998, -3.61992e-06, 1, -3.64292e-06, -0.99998, -3.64292e-06, -0.0063355, -107.531, -0.000266132, -64.0107)

[node name="Asteroid48" parent="." instance=ExtResource("9_4n86x")]
transform = Transform3D(-0.0063355, 3.61992e-06, 0.99998, -3.61992e-06, 1, -3.64292e-06, -0.99998, -3.64292e-06, -0.0063355, -107.559, -0.000282417, -68.5092)

[node name="Asteroid49" parent="." instance=ExtResource("9_4n86x")]
transform = Transform3D(-0.0063355, 3.61992e-06, 0.99998, -3.61992e-06, 1, -3.64292e-06, -0.99998, -3.64292e-06, -0.0063355, -107.591, -0.000300698, -73.5593)

[node name="Asteroid50" parent="." instance=ExtResource("9_4n86x")]
transform = Transform3D(-0.0063355, 3.61992e-06, 0.99998, -3.61992e-06, 1, -3.64292e-06, -0.99998, -3.64292e-06, -0.0063355, -107.624, -0.000319427, -78.7331)

[node name="Asteroid51" parent="." instance=ExtResource("9_4n86x")]
transform = Transform3D(-0.0063355, 3.61992e-06, 0.99998, -3.61992e-06, 1, -3.64292e-06, -0.99998, -3.64292e-06, -0.0063355, -107.66, -0.000339782, -84.356)

[node name="Asteroid52" parent="." instance=ExtResource("9_4n86x")]
transform = Transform3D(-0.0063355, 3.61992e-06, 0.99998, -3.61992e-06, 1, -3.64292e-06, -0.99998, -3.64292e-06, -0.0063355, -107.688, -0.000356068, -88.8549)

[node name="Asteroid53" parent="." instance=ExtResource("9_4n86x")]
transform = Transform3D(-0.0063355, 3.61992e-06, 0.99998, -3.61992e-06, 1, -3.64292e-06, -0.99998, -3.64292e-06, -0.0063355, -107.716, -0.000371764, -93.1909)

[node name="Asteroid54" parent="." instance=ExtResource("9_4n86x")]
transform = Transform3D(-0.0063355, 3.61992e-06, 0.99998, -3.61992e-06, 1, -3.64292e-06, -0.99998, -3.64292e-06, -0.0063355, -107.748, -0.00039049, -98.3637)

[node name="Asteroid55" parent="." instance=ExtResource("9_4n86x")]
transform = Transform3D(-0.0063355, 3.61992e-06, 0.99998, -3.61992e-06, 1, -3.64292e-06, -0.99998, -3.64292e-06, -0.0063355, -107.784, -0.000410848, -103.988)

[node name="Asteroid56" parent="." instance=ExtResource("9_4n86x")]
transform = Transform3D(-0.0063355, 3.61992e-06, 0.99998, -3.61992e-06, 1, -3.64292e-06, -0.99998, -3.64292e-06, -0.0063355, -107.812, -0.00042713, -108.486)

[node name="Asteroid57" parent="." instance=ExtResource("9_4n86x")]
transform = Transform3D(-0.0063355, 3.61992e-06, 0.99998, -3.61992e-06, 1, -3.64292e-06, -0.99998, -3.64292e-06, -0.0063355, -107.839, -0.000442519, -112.736)

[node name="Asteroid58" parent="." instance=ExtResource("9_4n86x")]
transform = Transform3D(-0.0063355, 3.61992e-06, 0.99998, -3.61992e-06, 1, -3.64292e-06, -0.99998, -3.64292e-06, -0.0063355, -107.872, -0.000461245, -117.909)

[node name="Asteroid59" parent="." instance=ExtResource("9_4n86x")]
transform = Transform3D(-0.0063355, 3.61992e-06, 0.99998, -3.61992e-06, 1, -3.64292e-06, -0.99998, -3.64292e-06, -0.0063355, -107.908, -0.000481603, -123.533)

[node name="Asteroid60" parent="." instance=ExtResource("9_4n86x")]
transform = Transform3D(-0.0063355, 3.61992e-06, 0.99998, -3.61992e-06, 1, -3.64292e-06, -0.99998, -3.64292e-06, -0.0063355, -107.936, -0.000497885, -128.031)

[node name="Asteroid61" parent="." instance=ExtResource("9_4n86x")]
transform = Transform3D(-0.0063355, 3.61992e-06, 0.99998, -3.61992e-06, 1, -3.64292e-06, -0.99998, -3.64292e-06, -0.0063355, -107.964, -0.000513585, -132.368)

[node name="Asteroid62" parent="." instance=ExtResource("9_4n86x")]
transform = Transform3D(-0.0063355, 3.61992e-06, 0.99998, -3.61992e-06, 1, -3.64292e-06, -0.99998, -3.64292e-06, -0.0063355, -107.997, -0.000532311, -137.541)

[node name="Asteroid63" parent="." instance=ExtResource("9_4n86x")]
transform = Transform3D(-0.0063355, 3.61992e-06, 0.99998, -3.61992e-06, 1, -3.64292e-06, -0.99998, -3.64292e-06, -0.0063355, -108.032, -0.000552669, -143.165)

[node name="Asteroid64" parent="." instance=ExtResource("9_4n86x")]
transform = Transform3D(-0.0063355, 3.61992e-06, 0.99998, -3.61992e-06, 1, -3.64292e-06, -0.99998, -3.64292e-06, -0.0063355, -108.061, -0.000568952, -147.663)

[node name="Asteroid65" parent="." instance=ExtResource("9_4n86x")]
transform = Transform3D(-0.0063355, 3.61992e-06, 0.99998, -3.61992e-06, 1, -3.64292e-06, -0.99998, -3.64292e-06, -0.0063355, -108.093, -0.000587232, -152.713)

[node name="Asteroid66" parent="." instance=ExtResource("9_4n86x")]
transform = Transform3D(-0.0063355, 3.61992e-06, 0.99998, -3.61992e-06, 1, -3.64292e-06, -0.99998, -3.64292e-06, -0.0063355, -108.125, -0.000605962, -157.887)

[node name="Asteroid67" parent="." instance=ExtResource("9_4n86x")]
transform = Transform3D(-0.0063355, 3.61992e-06, 0.99998, -3.61992e-06, 1, -3.64292e-06, -0.99998, -3.64292e-06, -0.0063355, -108.161, -0.000626317, -163.509)

