[gd_scene load_steps=15 format=3 uid="uid://bl3pasjmh4eqj"]

[ext_resource type="Script" uid="uid://vl2f5ug6tii2" path="res://SCRIPTS/WorldHandler.gd" id="1_kn1ch"]
[ext_resource type="PackedScene" uid="uid://cr0hyqivuk371" path="res://SCENES/Player.tscn" id="2_r37cf"]
[ext_resource type="PackedScene" uid="uid://3n4g8h21pfga" path="res://SCENES/transition.tscn" id="3_1uqmf"]
[ext_resource type="PackedScene" uid="uid://bctbdlvmmgvne" path="res://SCENES/player_ui.tscn" id="4_6ctnv"]
[ext_resource type="PackedScene" uid="uid://bei1ulmtpdmc6" path="res://SCENES/camera_3d.tscn" id="5_l5rwr"]
[ext_resource type="PackedScene" uid="uid://cbndwh2vqd3f6" path="res://SCENES/space_stars.tscn" id="6_jflcv"]
[ext_resource type="PackedScene" uid="uid://2qept01rea13" path="res://SCENES/win_area.tscn" id="7_4m0tn"]
[ext_resource type="Script" uid="uid://dvgmlk8788ysn" path="res://SCRIPTS/asteroid_spawner.gd" id="8_6ctnv"]
[ext_resource type="PackedScene" uid="uid://cp8mu7hdbwatj" path="res://SCENES/asteroid_ring.tscn" id="9_l5rwr"]
[ext_resource type="PackedScene" uid="uid://c4ymo0gy0ve2" path="res://SCENES/Undestroyable.tscn" id="10_jflcv"]
[ext_resource type="PackedScene" uid="uid://b7ee8j8er8dnb" path="res://SCENES/velocity_boost.tscn" id="11_l5rwr"]
[ext_resource type="PackedScene" uid="uid://c4dvppyqg3b6j" path="res://SCENES/destroyable_obstacle.tscn" id="12_jflcv"]

[sub_resource type="Curve3D" id="Curve3D_4m0tn"]
_data = {
"points": PackedVector3Array(0, 0, 0, -23.185, 0, -24.145, 28.79, 0, -76, 0, 0, 0, -32.115, 0, 31.435, -21.7, 0, -63, 0, 0, 0, 0, 0, 0, -73.6, 0, -48.1),
"tilts": PackedFloat32Array(0, 0, 0)
}
point_count = 3

[sub_resource type="Curve3D" id="Curve3D_wcaks"]
_data = {
"points": PackedVector3Array(0, 0, 0, 0, 0, 0, 0, 0, 0, 65.745, 0, -30.435, -3.915, 0, 0, -9.50235, 9.6501e-07, -64.3071, -1.145, 0, 0, -45.43, 0, 37.35, -52.1802, 8.03397e-07, -44.5394),
"tilts": PackedFloat32Array(0, 0, 0)
}
point_count = 3

[node name="Level Template" type="Node3D" node_paths=PackedStringArray("character")]
script = ExtResource("1_kn1ch")
character = NodePath("Player")

[node name="DirectionalLight3D" type="DirectionalLight3D" parent="."]
transform = Transform3D(-0.866023, -0.433016, 0.250001, 0, 0.499998, 0.866027, -0.500003, 0.749999, -0.43301, 0, 0, 0)
shadow_enabled = true

[node name="Player" parent="." instance=ExtResource("2_r37cf")]
transform = Transform3D(-4.37114e-08, 0, 1, 0, 1, 0, -1, 0, -4.37114e-08, 0, 0, -6.1)

[node name="Transition" parent="." instance=ExtResource("3_1uqmf")]

[node name="PlayerUI" parent="." node_paths=PackedStringArray("p") instance=ExtResource("4_6ctnv")]
p = NodePath("../Player")

[node name="Camera3D" parent="." node_paths=PackedStringArray("player") instance=ExtResource("5_l5rwr")]
transform = Transform3D(1, 0, 0, 0, 0.414693, 0.909961, 0, -0.909961, 0.414693, 0, 0, 4)
player = NodePath("../Player")
height = 20.0

[node name="SpaceStars" parent="." instance=ExtResource("6_jflcv")]

[node name="WinArea" parent="." instance=ExtResource("7_4m0tn")]
transform = Transform3D(-4.37114e-08, 3.61999e-06, 1, -3.61999e-06, 1, -3.61999e-06, -1, -3.61999e-06, -4.36983e-08, -130, 0, -524.4)

[node name="Spawner2" type="Path3D" parent="."]
transform = Transform3D(1, 0, 0, 0, 1, 0, 0, 0, 1, -119.8, 0, -114.5)
curve = SubResource("Curve3D_4m0tn")
script = ExtResource("8_6ctnv")
asteroidSteps = 0.2
spawnTimer = 800

[node name="Spawner" type="Path3D" parent="."]
transform = Transform3D(0.5, -2.18557e-08, -0.866025, 8.15666e-08, 1, 2.18557e-08, 0.866025, -8.15666e-08, 0.5, -220.371, -0.00019324, -284.238)
curve = SubResource("Curve3D_wcaks")
script = ExtResource("8_6ctnv")
spawnTimer = 200

[node name="Spawner3" type="Path3D" parent="."]
transform = Transform3D(-0.34202, 1.49502e-08, 0.939693, 2.63612e-09, 1, -1.49502e-08, -0.939693, -2.63612e-09, -0.34202, -72.8707, -0.00019324, -336.338)
curve = SubResource("Curve3D_wcaks")
script = ExtResource("8_6ctnv")
spawnTimer = 200

[node name="Spawner4" type="Path3D" parent="."]
transform = Transform3D(0.5, -2.18557e-08, -0.866025, 8.15666e-08, 1, 2.18557e-08, 0.866025, -8.15666e-08, 0.5, -198.771, -0.00019324, -366.438)
curve = SubResource("Curve3D_wcaks")
script = ExtResource("8_6ctnv")
spawnTimer = 200

[node name="Spawner5" type="Path3D" parent="."]
transform = Transform3D(-0.34202, 1.49502e-08, 0.939693, 2.63612e-09, 1, -1.49502e-08, -0.939693, -2.63612e-09, -0.34202, -51.2707, -0.00019324, -418.538)
curve = SubResource("Curve3D_wcaks")
script = ExtResource("8_6ctnv")
spawnTimer = 200

[node name="Asteroid Ring3" parent="." instance=ExtResource("9_l5rwr")]
transform = Transform3D(1, 0, 0, 0, 1, 0, 0, 0, 1, -0.57301, 0, -68.735)

[node name="Asteroid" parent="." instance=ExtResource("10_jflcv")]
transform = Transform3D(1, 0, 0, 0, 1, 0, 0, 0, 1, -2706.5, 0, -948.6)

[node name="Asteroid2" parent="." instance=ExtResource("10_jflcv")]
transform = Transform3D(1, 0, 0, 0, 1, 0, 0, 0, 1, 0.4, 0, 2.3)

[node name="Asteroid3" parent="." instance=ExtResource("10_jflcv")]
transform = Transform3D(1, 0, 0, 0, 1, 0, 0, 0, 1, 5.5, 0, 2.3)

[node name="Asteroid4" parent="." instance=ExtResource("10_jflcv")]
transform = Transform3D(1, 0, 0, 0, 1, 0, 0, 0, 1, 10.3, 0, 2.3)

[node name="Asteroid5" parent="." instance=ExtResource("10_jflcv")]
transform = Transform3D(1, 0, 0, 0, 1, 0, 0, 0, 1, -4.5, 0, 2.3)

[node name="Asteroid6" parent="." instance=ExtResource("10_jflcv")]
transform = Transform3D(1, 0, 0, 0, 1, 0, 0, 0, 1, -9.3, 0, 2.3)

[node name="Asteroid7" parent="." instance=ExtResource("10_jflcv")]
transform = Transform3D(1, 0, 0, 0, 1, 0, 0, 0, 1, -14.4, 0, -2.1)

[node name="Asteroid9" parent="." instance=ExtResource("10_jflcv")]
transform = Transform3D(1, 0, 0, 0, 1, 0, 0, 0, 1, -14.4, 0, -6.9)

[node name="Asteroid11" parent="." instance=ExtResource("10_jflcv")]
transform = Transform3D(1, 0, 0, 0, 1, 0, 0, 0, 1, -14.4, 0, -11.1)

[node name="Asteroid13" parent="." instance=ExtResource("10_jflcv")]
transform = Transform3D(1, 0, 0, 0, 1, 0, 0, 0, 1, -14.4, 0, -15.9)

[node name="Asteroid8" parent="." instance=ExtResource("10_jflcv")]
transform = Transform3D(1, 0, 0, 0, 1, 0, 0, 0, 1, -14.4, 0, -20.5)

[node name="Asteroid10" parent="." instance=ExtResource("10_jflcv")]
transform = Transform3D(1, 0, 0, 0, 1, 0, 0, 0, 1, -14.4, 0, -25.3)

[node name="Asteroid12" parent="." instance=ExtResource("10_jflcv")]
transform = Transform3D(1, 0, 0, 0, 1, 0, 0, 0, 1, -14.4, 0, -29.5)

[node name="Asteroid14" parent="." instance=ExtResource("10_jflcv")]
transform = Transform3D(1, 0, 0, 0, 1, 0, 0, 0, 1, -14.4, 0, -34.3)

[node name="Asteroid15" parent="." instance=ExtResource("10_jflcv")]
transform = Transform3D(1, 0, 0, 0, 1, 0, 0, 0, 1, -14.4, 0, -39.2)

[node name="Asteroid16" parent="." instance=ExtResource("10_jflcv")]
transform = Transform3D(1, 0, 0, 0, 1, 0, 0, 0, 1, -14.4, 0, -44)

[node name="Asteroid17" parent="." instance=ExtResource("10_jflcv")]
transform = Transform3D(1, 0, 0, 0, 1, 0, 0, 0, 1, -14.4, 0, -48.2)

[node name="Asteroid18" parent="." instance=ExtResource("10_jflcv")]
transform = Transform3D(1, 0, 0, 0, 1, 0, 0, 0, 1, -14.4, 0, -53)

[node name="Asteroid19" parent="." instance=ExtResource("10_jflcv")]
transform = Transform3D(1, 0, 0, 0, 1, 0, 0, 0, 1, -14.4, 0, -57.6)

[node name="Asteroid20" parent="." instance=ExtResource("10_jflcv")]
transform = Transform3D(1, 0, 0, 0, 1, 0, 0, 0, 1, -14.4, 0, -62.4)

[node name="Asteroid123" parent="." instance=ExtResource("10_jflcv")]
transform = Transform3D(0.866025, 2.18557e-08, 0.5, -2.18557e-08, 1, -5.85622e-09, -0.5, -5.85622e-09, 0.866025, -138.379, -1.75938e-07, -105.525)

[node name="Asteroid124" parent="." instance=ExtResource("10_jflcv")]
transform = Transform3D(0.866025, 2.18557e-08, 0.5, -2.18557e-08, 1, -5.85622e-09, -0.5, -5.85622e-09, 0.866025, -140.779, -1.47828e-07, -109.682)

[node name="Asteroid125" parent="." instance=ExtResource("10_jflcv")]
transform = Transform3D(0.866025, 2.18557e-08, 0.5, -2.18557e-08, 1, -5.85622e-09, -0.5, -5.85622e-09, 0.866025, -142.879, -1.23232e-07, -113.319)

[node name="Asteroid126" parent="." instance=ExtResource("10_jflcv")]
transform = Transform3D(0.866025, 2.18557e-08, 0.5, -2.18557e-08, 1, -5.85622e-09, -0.5, -5.85622e-09, 0.866025, -145.279, -9.51224e-08, -117.476)

[node name="Asteroid127" parent="." instance=ExtResource("10_jflcv")]
transform = Transform3D(0.866025, 2.18557e-08, 0.5, -2.18557e-08, 1, -5.85622e-09, -0.5, -5.85622e-09, 0.866025, -147.579, -6.81838e-08, -121.46)

[node name="Asteroid128" parent="." instance=ExtResource("10_jflcv")]
transform = Transform3D(0.866025, 2.18557e-08, 0.5, -2.18557e-08, 1, -5.85622e-09, -0.5, -5.85622e-09, 0.866025, -149.979, -4.0074e-08, -125.617)

[node name="Asteroid129" parent="." instance=ExtResource("10_jflcv")]
transform = Transform3D(0.866025, 2.18557e-08, 0.5, -2.18557e-08, 1, -5.85622e-09, -0.5, -5.85622e-09, 0.866025, -152.079, -1.54778e-08, -129.254)

[node name="Asteroid130" parent="." instance=ExtResource("10_jflcv")]
transform = Transform3D(0.866025, 2.18557e-08, 0.5, -2.18557e-08, 1, -5.85622e-09, -0.5, -5.85622e-09, 0.866025, -154.479, 1.2632e-08, -133.411)

[node name="Asteroid131" parent="." instance=ExtResource("10_jflcv")]
transform = Transform3D(0.866025, 2.18557e-08, 0.5, -2.18557e-08, 1, -5.85622e-09, -0.5, -5.85622e-09, 0.866025, -156.929, 4.13275e-08, -137.655)

[node name="Asteroid132" parent="." instance=ExtResource("10_jflcv")]
transform = Transform3D(0.866025, 2.18557e-08, 0.5, -2.18557e-08, 1, -5.85622e-09, -0.5, -5.85622e-09, 0.866025, -159.329, 6.94374e-08, -141.811)

[node name="Asteroid133" parent="." instance=ExtResource("10_jflcv")]
transform = Transform3D(0.866025, 2.18557e-08, 0.5, -2.18557e-08, 1, -5.85622e-09, -0.5, -5.85622e-09, 0.866025, -161.429, 9.40334e-08, -145.449)

[node name="Asteroid134" parent="." instance=ExtResource("10_jflcv")]
transform = Transform3D(0.866025, 2.18557e-08, 0.5, -2.18557e-08, 1, -5.85622e-09, -0.5, -5.85622e-09, 0.866025, -163.829, 1.22143e-07, -149.606)

[node name="Asteroid135" parent="." instance=ExtResource("10_jflcv")]
transform = Transform3D(0.866025, 2.18557e-08, 0.5, -2.18557e-08, 1, -5.85622e-09, -0.5, -5.85622e-09, 0.866025, -166.129, 1.49082e-07, -153.589)

[node name="Asteroid136" parent="." instance=ExtResource("10_jflcv")]
transform = Transform3D(0.866025, 2.18557e-08, 0.5, -2.18557e-08, 1, -5.85622e-09, -0.5, -5.85622e-09, 0.866025, -168.529, 1.77192e-07, -157.746)

[node name="Asteroid137" parent="." instance=ExtResource("10_jflcv")]
transform = Transform3D(0.866025, 2.18557e-08, 0.5, -2.18557e-08, 1, -5.85622e-09, -0.5, -5.85622e-09, 0.866025, -170.279, -1.75938e-07, -160.825)

[node name="Asteroid138" parent="." instance=ExtResource("10_jflcv")]
transform = Transform3D(0.866025, 2.18557e-08, 0.5, -2.18557e-08, 1, -5.85622e-09, -0.5, -5.85622e-09, 0.866025, -172.679, -1.47828e-07, -164.982)

[node name="Asteroid139" parent="." instance=ExtResource("10_jflcv")]
transform = Transform3D(0.866025, 2.18557e-08, 0.5, -2.18557e-08, 1, -5.85622e-09, -0.5, -5.85622e-09, 0.866025, -174.779, -1.23232e-07, -168.619)

[node name="Asteroid140" parent="." instance=ExtResource("10_jflcv")]
transform = Transform3D(0.866025, 2.18557e-08, 0.5, -2.18557e-08, 1, -5.85622e-09, -0.5, -5.85622e-09, 0.866025, -177.179, -9.51224e-08, -172.776)

[node name="Asteroid141" parent="." instance=ExtResource("10_jflcv")]
transform = Transform3D(0.866025, 2.18557e-08, 0.5, -2.18557e-08, 1, -5.85622e-09, -0.5, -5.85622e-09, 0.866025, -179.479, -6.81838e-08, -176.76)

[node name="Asteroid142" parent="." instance=ExtResource("10_jflcv")]
transform = Transform3D(0.866025, 2.18557e-08, 0.5, -2.18557e-08, 1, -5.85622e-09, -0.5, -5.85622e-09, 0.866025, -181.879, -4.0074e-08, -180.917)

[node name="Asteroid143" parent="." instance=ExtResource("10_jflcv")]
transform = Transform3D(0.866025, 2.18557e-08, 0.5, -2.18557e-08, 1, -5.85622e-09, -0.5, -5.85622e-09, 0.866025, -183.979, -1.54778e-08, -184.554)

[node name="Asteroid144" parent="." instance=ExtResource("10_jflcv")]
transform = Transform3D(0.866025, 2.18557e-08, 0.5, -2.18557e-08, 1, -5.85622e-09, -0.5, -5.85622e-09, 0.866025, -186.379, 1.2632e-08, -188.711)

[node name="Asteroid145" parent="." instance=ExtResource("10_jflcv")]
transform = Transform3D(0.866025, 2.18557e-08, 0.5, -2.18557e-08, 1, -5.85622e-09, -0.5, -5.85622e-09, 0.866025, -188.829, 4.13275e-08, -192.955)

[node name="Asteroid146" parent="." instance=ExtResource("10_jflcv")]
transform = Transform3D(0.866025, 2.18557e-08, 0.5, -2.18557e-08, 1, -5.85622e-09, -0.5, -5.85622e-09, 0.866025, -191.229, 6.94374e-08, -197.111)

[node name="Asteroid147" parent="." instance=ExtResource("10_jflcv")]
transform = Transform3D(0.866025, 2.18557e-08, 0.5, -2.18557e-08, 1, -5.85622e-09, -0.5, -5.85622e-09, 0.866025, -193.329, 9.40334e-08, -200.749)

[node name="Asteroid148" parent="." instance=ExtResource("10_jflcv")]
transform = Transform3D(0.866025, 2.18557e-08, 0.5, -2.18557e-08, 1, -5.85622e-09, -0.5, -5.85622e-09, 0.866025, -195.729, 1.22143e-07, -204.906)

[node name="Asteroid149" parent="." instance=ExtResource("10_jflcv")]
transform = Transform3D(0.866025, 2.18557e-08, 0.5, -2.18557e-08, 1, -5.85622e-09, -0.5, -5.85622e-09, 0.866025, -198.029, 1.49082e-07, -208.889)

[node name="Asteroid150" parent="." instance=ExtResource("10_jflcv")]
transform = Transform3D(0.866025, 2.18557e-08, 0.5, -2.18557e-08, 1, -5.85622e-09, -0.5, -5.85622e-09, 0.866025, -200.429, 1.77192e-07, -213.046)

[node name="Asteroid151" parent="." instance=ExtResource("10_jflcv")]
transform = Transform3D(0.866025, 2.18557e-08, 0.5, -2.18557e-08, 1, -5.85622e-09, -0.5, -5.85622e-09, 0.866025, -202.479, -1.75938e-07, -215.825)

[node name="Asteroid152" parent="." instance=ExtResource("10_jflcv")]
transform = Transform3D(0.866025, 2.18557e-08, 0.5, -2.18557e-08, 1, -5.85622e-09, -0.5, -5.85622e-09, 0.866025, -204.879, -1.47828e-07, -219.982)

[node name="Asteroid153" parent="." instance=ExtResource("10_jflcv")]
transform = Transform3D(0.866025, 2.18557e-08, 0.5, -2.18557e-08, 1, -5.85622e-09, -0.5, -5.85622e-09, 0.866025, -206.979, -1.23232e-07, -223.619)

[node name="Asteroid21" parent="." instance=ExtResource("10_jflcv")]
transform = Transform3D(1, 0, 0, 0, 1, 0, 0, 0, 1, -14.4, 0, -66.6)

[node name="Asteroid22" parent="." instance=ExtResource("10_jflcv")]
transform = Transform3D(1, 0, 0, 0, 1, 0, 0, 0, 1, -14.4, 0, -71.4)

[node name="Asteroid23" parent="." instance=ExtResource("10_jflcv")]
transform = Transform3D(1, 0, 0, 0, 1, 0, 0, 0, 1, -14.4, 0, -76.3)

[node name="Asteroid272" parent="." instance=ExtResource("10_jflcv")]
transform = Transform3D(0.642788, 3.34849e-08, 0.766044, -3.34849e-08, 1, -1.56142e-08, -0.766044, -1.56142e-08, 0.642788, -57.3688, -4.36832e-07, -413.794)

[node name="Asteroid273" parent="." instance=ExtResource("10_jflcv")]
transform = Transform3D(0.642788, 3.34849e-08, 0.766044, -3.34849e-08, 1, -1.56142e-08, -0.766044, -1.56142e-08, 0.642788, -61.0458, -3.61884e-07, -416.879)

[node name="Asteroid274" parent="." instance=ExtResource("10_jflcv")]
transform = Transform3D(0.642788, 3.34849e-08, 0.766044, -3.34849e-08, 1, -1.56142e-08, -0.766044, -1.56142e-08, 0.642788, -64.5696, -2.90058e-07, -419.836)

[node name="Asteroid275" parent="." instance=ExtResource("10_jflcv")]
transform = Transform3D(0.642788, 3.34849e-08, 0.766044, -3.34849e-08, 1, -1.56142e-08, -0.766044, -1.56142e-08, 0.642788, -68.2466, -2.1511e-07, -422.921)

[node name="Asteroid276" parent="." instance=ExtResource("10_jflcv")]
transform = Transform3D(0.642788, 3.34849e-08, 0.766044, -3.34849e-08, 1, -1.56142e-08, -0.766044, -1.56142e-08, 0.642788, -71.464, -1.4953e-07, -425.621)

[node name="Asteroid277" parent="." instance=ExtResource("10_jflcv")]
transform = Transform3D(0.642788, 3.34849e-08, 0.766044, -3.34849e-08, 1, -1.56142e-08, -0.766044, -1.56142e-08, 0.642788, -75.141, -7.45813e-08, -428.706)

[node name="Asteroid278" parent="." instance=ExtResource("10_jflcv")]
transform = Transform3D(0.642788, 3.34849e-08, 0.766044, -3.34849e-08, 1, -1.56142e-08, -0.766044, -1.56142e-08, 0.642788, -78.8946, 1.92796e-09, -431.856)

[node name="Asteroid279" parent="." instance=ExtResource("10_jflcv")]
transform = Transform3D(0.642788, 3.34849e-08, 0.766044, -3.34849e-08, 1, -1.56142e-08, -0.766044, -1.56142e-08, 0.642788, -82.5716, 7.68766e-08, -434.941)

[node name="Asteroid280" parent="." instance=ExtResource("10_jflcv")]
transform = Transform3D(0.642788, 3.34849e-08, 0.766044, -3.34849e-08, 1, -1.56142e-08, -0.766044, -1.56142e-08, 0.642788, -85.789, 1.42456e-07, -437.641)

[node name="Asteroid281" parent="." instance=ExtResource("10_jflcv")]
transform = Transform3D(0.642788, 3.34849e-08, 0.766044, -3.34849e-08, 1, -1.56142e-08, -0.766044, -1.56142e-08, 0.642788, -89.466, 2.17405e-07, -440.726)

[node name="Asteroid282" parent="." instance=ExtResource("10_jflcv")]
transform = Transform3D(0.642788, 3.34849e-08, 0.766044, -3.34849e-08, 1, -1.56142e-08, -0.766044, -1.56142e-08, 0.642788, -92.9898, 2.8923e-07, -443.683)

[node name="Asteroid283" parent="." instance=ExtResource("10_jflcv")]
transform = Transform3D(0.642788, 3.34849e-08, 0.766044, -3.34849e-08, 1, -1.56142e-08, -0.766044, -1.56142e-08, 0.642788, -96.6668, 3.64179e-07, -446.769)

[node name="Asteroid284" parent="." instance=ExtResource("10_jflcv")]
transform = Transform3D(0.642788, 3.34849e-08, 0.766044, -3.34849e-08, 1, -1.56142e-08, -0.766044, -1.56142e-08, 0.642788, -99.8842, 4.29759e-07, -449.468)

[node name="Asteroid285" parent="." instance=ExtResource("10_jflcv")]
transform = Transform3D(0.642788, 3.34849e-08, 0.766044, -3.34849e-08, 1, -1.56142e-08, -0.766044, -1.56142e-08, 0.642788, -103.561, 5.04707e-07, -452.554)

[node name="Asteroid286" parent="." instance=ExtResource("10_jflcv")]
transform = Transform3D(0.642788, 3.34849e-08, 0.766044, -3.34849e-08, 1, -1.56142e-08, -0.766044, -1.56142e-08, 0.642788, -107.315, 5.81217e-07, -455.703)

[node name="Asteroid24" parent="." instance=ExtResource("10_jflcv")]
transform = Transform3D(1, 0, 0, 0, 1, 0, 0, 0, 1, -14.4, 0, -80.5)

[node name="Asteroid25" parent="." instance=ExtResource("10_jflcv")]
transform = Transform3D(1, 0, 0, 0, 1, 0, 0, 0, 1, -14.4, 0, -85.3)

[node name="Asteroid26" parent="." instance=ExtResource("10_jflcv")]
transform = Transform3D(1, 0, 0, 0, 1, 0, 0, 0, 1, -14.4, 0, -89.8)

[node name="Asteroid27" parent="." instance=ExtResource("10_jflcv")]
transform = Transform3D(1, 0, 0, 0, 1, 0, 0, 0, 1, 15, 0, -2.1)

[node name="Asteroid28" parent="." instance=ExtResource("10_jflcv")]
transform = Transform3D(1, 0, 0, 0, 1, 0, 0, 0, 1, 15, 0, -6.9)

[node name="Asteroid29" parent="." instance=ExtResource("10_jflcv")]
transform = Transform3D(1, 0, 0, 0, 1, 0, 0, 0, 1, 15, 0, -11.1)

[node name="Asteroid30" parent="." instance=ExtResource("10_jflcv")]
transform = Transform3D(1, 0, 0, 0, 1, 0, 0, 0, 1, 15, 0, -15.9)

[node name="Asteroid31" parent="." instance=ExtResource("10_jflcv")]
transform = Transform3D(1, 0, 0, 0, 1, 0, 0, 0, 1, 15, 0, -20.5)

[node name="Asteroid32" parent="." instance=ExtResource("10_jflcv")]
transform = Transform3D(1, 0, 0, 0, 1, 0, 0, 0, 1, 15, 0, -25.3)

[node name="Asteroid33" parent="." instance=ExtResource("10_jflcv")]
transform = Transform3D(1, 0, 0, 0, 1, 0, 0, 0, 1, 15, 0, -29.5)

[node name="Asteroid34" parent="." instance=ExtResource("10_jflcv")]
transform = Transform3D(1, 0, 0, 0, 1, 0, 0, 0, 1, 15, 0, -34.3)

[node name="Asteroid35" parent="." instance=ExtResource("10_jflcv")]
transform = Transform3D(1, 0, 0, 0, 1, 0, 0, 0, 1, 15, 0, -39.2)

[node name="Asteroid36" parent="." instance=ExtResource("10_jflcv")]
transform = Transform3D(1, 0, 0, 0, 1, 0, 0, 0, 1, 15, 0, -44)

[node name="Asteroid37" parent="." instance=ExtResource("10_jflcv")]
transform = Transform3D(1, 0, 0, 0, 1, 0, 0, 0, 1, 15, 0, -48.2)

[node name="Asteroid38" parent="." instance=ExtResource("10_jflcv")]
transform = Transform3D(1, 0, 0, 0, 1, 0, 0, 0, 1, 15, 0, -53)

[node name="Asteroid39" parent="." instance=ExtResource("10_jflcv")]
transform = Transform3D(1, 0, 0, 0, 1, 0, 0, 0, 1, 15, 0, -57.6)

[node name="Asteroid40" parent="." instance=ExtResource("10_jflcv")]
transform = Transform3D(1, 0, 0, 0, 1, 0, 0, 0, 1, 15, 0, -62.4)

[node name="Asteroid41" parent="." instance=ExtResource("10_jflcv")]
transform = Transform3D(1, 0, 0, 0, 1, 0, 0, 0, 1, 15, 0, -66.6)

[node name="Asteroid42" parent="." instance=ExtResource("10_jflcv")]
transform = Transform3D(1, 0, 0, 0, 1, 0, 0, 0, 1, 15, 0, -71.4)

[node name="Asteroid43" parent="." instance=ExtResource("10_jflcv")]
transform = Transform3D(1, 0, 0, 0, 1, 0, 0, 0, 1, 15, 0, -76.3)

[node name="Asteroid44" parent="." instance=ExtResource("10_jflcv")]
transform = Transform3D(1, 0, 0, 0, 1, 0, 0, 0, 1, 15, 0, -80.5)

[node name="Asteroid45" parent="." instance=ExtResource("10_jflcv")]
transform = Transform3D(1, 0, 0, 0, 1, 0, 0, 0, 1, 15, 0, -85.3)

[node name="Asteroid46" parent="." instance=ExtResource("10_jflcv")]
transform = Transform3D(1, 0, 0, 0, 1, 0, 0, 0, 1, 15, 0, -89.8)

[node name="Asteroid47" parent="." instance=ExtResource("10_jflcv")]
transform = Transform3D(1, 0, 0, 0, 1, 0, 0, 0, 1, 15, 0, -94.5)

[node name="Asteroid48" parent="." instance=ExtResource("10_jflcv")]
transform = Transform3D(1, 0, 0, 0, 1, 0, 0, 0, 1, 15, 0, -99.3)

[node name="Asteroid49" parent="." instance=ExtResource("10_jflcv")]
transform = Transform3D(1, 0, 0, 0, 1, 0, 0, 0, 1, 15, 0, -103.5)

[node name="Asteroid50" parent="." instance=ExtResource("10_jflcv")]
transform = Transform3D(1, 0, 0, 0, 1, 0, 0, 0, 1, 15, 0, -108.3)

[node name="Asteroid51" parent="." instance=ExtResource("10_jflcv")]
transform = Transform3D(1, 0, 0, 0, 1, 0, 0, 0, 1, 15, 0, -112.9)

[node name="Asteroid52" parent="." instance=ExtResource("10_jflcv")]
transform = Transform3D(1, 0, 0, 0, 1, 0, 0, 0, 1, 15, 0, -117.7)

[node name="Asteroid53" parent="." instance=ExtResource("10_jflcv")]
transform = Transform3D(1, 0, 0, 0, 1, 0, 0, 0, 1, 15, 0, -121.9)

[node name="Asteroid54" parent="." instance=ExtResource("10_jflcv")]
transform = Transform3D(1, 0, 0, 0, 1, 0, 0, 0, 1, 15, 0, -126.7)

[node name="Asteroid296" parent="." instance=ExtResource("10_jflcv")]
transform = Transform3D(1, 0, 0, 0, 1, 0, 0, 0, 1, 15, 0, -6.9)

[node name="Asteroid297" parent="." instance=ExtResource("10_jflcv")]
transform = Transform3D(1, 0, 0, 0, 1, 0, 0, 0, 1, 15, 0, -11.1)

[node name="Asteroid298" parent="." instance=ExtResource("10_jflcv")]
transform = Transform3D(1, 0, 0, 0, 1, 0, 0, 0, 1, 15, 0, -15.9)

[node name="Asteroid299" parent="." instance=ExtResource("10_jflcv")]
transform = Transform3D(1, 0, 0, 0, 1, 0, 0, 0, 1, 15, 0, -20.5)

[node name="Asteroid300" parent="." instance=ExtResource("10_jflcv")]
transform = Transform3D(1, 0, 0, 0, 1, 0, 0, 0, 1, 15, 0, -25.3)

[node name="Asteroid301" parent="." instance=ExtResource("10_jflcv")]
transform = Transform3D(1, 0, 0, 0, 1, 0, 0, 0, 1, 15, 0, -29.5)

[node name="Asteroid302" parent="." instance=ExtResource("10_jflcv")]
transform = Transform3D(1, 0, 0, 0, 1, 0, 0, 0, 1, 15, 0, -34.3)

[node name="Asteroid303" parent="." instance=ExtResource("10_jflcv")]
transform = Transform3D(1, 0, 0, 0, 1, 0, 0, 0, 1, 15, 0, -39.2)

[node name="Asteroid304" parent="." instance=ExtResource("10_jflcv")]
transform = Transform3D(1, 0, 0, 0, 1, 0, 0, 0, 1, 15, 0, -44)

[node name="Asteroid305" parent="." instance=ExtResource("10_jflcv")]
transform = Transform3D(1, 0, 0, 0, 1, 0, 0, 0, 1, 15, 0, -48.2)

[node name="Asteroid306" parent="." instance=ExtResource("10_jflcv")]
transform = Transform3D(1, 0, 0, 0, 1, 0, 0, 0, 1, 15, 0, -53)

[node name="Asteroid307" parent="." instance=ExtResource("10_jflcv")]
transform = Transform3D(1, 0, 0, 0, 1, 0, 0, 0, 1, 15, 0, -57.6)

[node name="Asteroid308" parent="." instance=ExtResource("10_jflcv")]
transform = Transform3D(1, 0, 0, 0, 1, 0, 0, 0, 1, 15, 0, -62.4)

[node name="Asteroid309" parent="." instance=ExtResource("10_jflcv")]
transform = Transform3D(1, 0, 0, 0, 1, 0, 0, 0, 1, 15, 0, -66.6)

[node name="Asteroid310" parent="." instance=ExtResource("10_jflcv")]
transform = Transform3D(1, 0, 0, 0, 1, 0, 0, 0, 1, 15, 0, -71.4)

[node name="Asteroid311" parent="." instance=ExtResource("10_jflcv")]
transform = Transform3D(1, 0, 0, 0, 1, 0, 0, 0, 1, 15, 0, -76.3)

[node name="Asteroid312" parent="." instance=ExtResource("10_jflcv")]
transform = Transform3D(1, 0, 0, 0, 1, 0, 0, 0, 1, 15, 0, -80.5)

[node name="Asteroid313" parent="." instance=ExtResource("10_jflcv")]
transform = Transform3D(1, 0, 0, 0, 1, 0, 0, 0, 1, 15, 0, -85.3)

[node name="Asteroid314" parent="." instance=ExtResource("10_jflcv")]
transform = Transform3D(1, 0, 0, 0, 1, 0, 0, 0, 1, 15, 0, -89.8)

[node name="Asteroid315" parent="." instance=ExtResource("10_jflcv")]
transform = Transform3D(1, 0, 0, 0, 1, 0, 0, 0, 1, 15, 0, -94.5)

[node name="Asteroid316" parent="." instance=ExtResource("10_jflcv")]
transform = Transform3D(1, 0, 0, 0, 1, 0, 0, 0, 1, 15, 0, -99.3)

[node name="Asteroid317" parent="." instance=ExtResource("10_jflcv")]
transform = Transform3D(1, 0, 0, 0, 1, 0, 0, 0, 1, 15, 0, -103.5)

[node name="Asteroid318" parent="." instance=ExtResource("10_jflcv")]
transform = Transform3D(1, 0, 0, 0, 1, 0, 0, 0, 1, 15, 0, -108.3)

[node name="Asteroid319" parent="." instance=ExtResource("10_jflcv")]
transform = Transform3D(1, 0, 0, 0, 1, 0, 0, 0, 1, 15, 0, -112.9)

[node name="Asteroid320" parent="." instance=ExtResource("10_jflcv")]
transform = Transform3D(1, 0, 0, 0, 1, 0, 0, 0, 1, 15, 0, -117.7)

[node name="Asteroid321" parent="." instance=ExtResource("10_jflcv")]
transform = Transform3D(1, 0, 0, 0, 1, 0, 0, 0, 1, 15, 0, -121.9)

[node name="Asteroid322" parent="." instance=ExtResource("10_jflcv")]
transform = Transform3D(1, 0, 0, 0, 1, 0, 0, 0, 1, 15, 0, -126.7)

[node name="Asteroid323" parent="." instance=ExtResource("10_jflcv")]
transform = Transform3D(1, 0, 0, 0, 1, 0, 0, 0, 1, -108, 0, -459.6)

[node name="Asteroid324" parent="." instance=ExtResource("10_jflcv")]
transform = Transform3D(1, 0, 0, 0, 1, 0, 0, 0, 1, -108, 0, -464.4)

[node name="Asteroid325" parent="." instance=ExtResource("10_jflcv")]
transform = Transform3D(1, 0, 0, 0, 1, 0, 0, 0, 1, -108, 0, -468.6)

[node name="Asteroid326" parent="." instance=ExtResource("10_jflcv")]
transform = Transform3D(1, 0, 0, 0, 1, 0, 0, 0, 1, -108, 0, -473.4)

[node name="Asteroid327" parent="." instance=ExtResource("10_jflcv")]
transform = Transform3D(1, 0, 0, 0, 1, 0, 0, 0, 1, -108, 0, -478)

[node name="Asteroid328" parent="." instance=ExtResource("10_jflcv")]
transform = Transform3D(1, 0, 0, 0, 1, 0, 0, 0, 1, -108, 0, -482.8)

[node name="Asteroid329" parent="." instance=ExtResource("10_jflcv")]
transform = Transform3D(1, 0, 0, 0, 1, 0, 0, 0, 1, -108, 0, -487)

[node name="Asteroid330" parent="." instance=ExtResource("10_jflcv")]
transform = Transform3D(1, 0, 0, 0, 1, 0, 0, 0, 1, -108, 0, -491.8)

[node name="Asteroid331" parent="." instance=ExtResource("10_jflcv")]
transform = Transform3D(1, 0, 0, 0, 1, 0, 0, 0, 1, -108, 0, -496.7)

[node name="Asteroid332" parent="." instance=ExtResource("10_jflcv")]
transform = Transform3D(1, 0, 0, 0, 1, 0, 0, 0, 1, -108, 0, -501.5)

[node name="Asteroid333" parent="." instance=ExtResource("10_jflcv")]
transform = Transform3D(1, 0, 0, 0, 1, 0, 0, 0, 1, -108, 0, -505.7)

[node name="Asteroid334" parent="." instance=ExtResource("10_jflcv")]
transform = Transform3D(1, 0, 0, 0, 1, 0, 0, 0, 1, -108, 0, -510.5)

[node name="Asteroid335" parent="." instance=ExtResource("10_jflcv")]
transform = Transform3D(1, 0, 0, 0, 1, 0, 0, 0, 1, -108, 0, -515.1)

[node name="Asteroid336" parent="." instance=ExtResource("10_jflcv")]
transform = Transform3D(1, 0, 0, 0, 1, 0, 0, 0, 1, -108, 0, -519.9)

[node name="Asteroid337" parent="." instance=ExtResource("10_jflcv")]
transform = Transform3D(1, 0, 0, 0, 1, 0, 0, 0, 1, -108, 0, -524.1)

[node name="Asteroid338" parent="." instance=ExtResource("10_jflcv")]
transform = Transform3D(1, 0, 0, 0, 1, 0, 0, 0, 1, -108, 0, -528.9)

[node name="Asteroid339" parent="." instance=ExtResource("10_jflcv")]
transform = Transform3D(1, 0, 0, 0, 1, 0, 0, 0, 1, -108, 0, -533.8)

[node name="Asteroid340" parent="." instance=ExtResource("10_jflcv")]
transform = Transform3D(1, 0, 0, 0, 1, 0, 0, 0, 1, -108, 0, -538)

[node name="Asteroid341" parent="." instance=ExtResource("10_jflcv")]
transform = Transform3D(1, 0, 0, 0, 1, 0, 0, 0, 1, -108, 0, -542.8)

[node name="Asteroid342" parent="." instance=ExtResource("10_jflcv")]
transform = Transform3D(1, 0, 0, 0, 1, 0, 0, 0, 1, -108, 0, -547.3)

[node name="Asteroid343" parent="." instance=ExtResource("10_jflcv")]
transform = Transform3D(1, 0, 0, 0, 1, 0, 0, 0, 1, -108, 0, -552)

[node name="Asteroid344" parent="." instance=ExtResource("10_jflcv")]
transform = Transform3D(1, 0, 0, 0, 1, 0, 0, 0, 1, -108, 0, -556.8)

[node name="Asteroid351" parent="." instance=ExtResource("10_jflcv")]
transform = Transform3D(1, 0, 0, 0, 1, 0, 0, 0, 1, -108, 0, -464.4)

[node name="Asteroid352" parent="." instance=ExtResource("10_jflcv")]
transform = Transform3D(1, 0, 0, 0, 1, 0, 0, 0, 1, -108, 0, -468.6)

[node name="Asteroid353" parent="." instance=ExtResource("10_jflcv")]
transform = Transform3D(1, 0, 0, 0, 1, 0, 0, 0, 1, -108, 0, -473.4)

[node name="Asteroid354" parent="." instance=ExtResource("10_jflcv")]
transform = Transform3D(1, 0, 0, 0, 1, 0, 0, 0, 1, -108, 0, -478)

[node name="Asteroid355" parent="." instance=ExtResource("10_jflcv")]
transform = Transform3D(1, 0, 0, 0, 1, 0, 0, 0, 1, -108, 0, -482.8)

[node name="Asteroid356" parent="." instance=ExtResource("10_jflcv")]
transform = Transform3D(1, 0, 0, 0, 1, 0, 0, 0, 1, -108, 0, -487)

[node name="Asteroid357" parent="." instance=ExtResource("10_jflcv")]
transform = Transform3D(1, 0, 0, 0, 1, 0, 0, 0, 1, -108, 0, -491.8)

[node name="Asteroid358" parent="." instance=ExtResource("10_jflcv")]
transform = Transform3D(1, 0, 0, 0, 1, 0, 0, 0, 1, -108, 0, -496.7)

[node name="Asteroid359" parent="." instance=ExtResource("10_jflcv")]
transform = Transform3D(1, 0, 0, 0, 1, 0, 0, 0, 1, -108, 0, -501.5)

[node name="Asteroid360" parent="." instance=ExtResource("10_jflcv")]
transform = Transform3D(1, 0, 0, 0, 1, 0, 0, 0, 1, -108, 0, -505.7)

[node name="Asteroid361" parent="." instance=ExtResource("10_jflcv")]
transform = Transform3D(1, 0, 0, 0, 1, 0, 0, 0, 1, -108, 0, -510.5)

[node name="Asteroid362" parent="." instance=ExtResource("10_jflcv")]
transform = Transform3D(1, 0, 0, 0, 1, 0, 0, 0, 1, -108, 0, -515.1)

[node name="Asteroid363" parent="." instance=ExtResource("10_jflcv")]
transform = Transform3D(1, 0, 0, 0, 1, 0, 0, 0, 1, -108, 0, -519.9)

[node name="Asteroid364" parent="." instance=ExtResource("10_jflcv")]
transform = Transform3D(1, 0, 0, 0, 1, 0, 0, 0, 1, -108, 0, -524.1)

[node name="Asteroid365" parent="." instance=ExtResource("10_jflcv")]
transform = Transform3D(1, 0, 0, 0, 1, 0, 0, 0, 1, -108, 0, -528.9)

[node name="Asteroid366" parent="." instance=ExtResource("10_jflcv")]
transform = Transform3D(1, 0, 0, 0, 1, 0, 0, 0, 1, -108, 0, -533.8)

[node name="Asteroid367" parent="." instance=ExtResource("10_jflcv")]
transform = Transform3D(1, 0, 0, 0, 1, 0, 0, 0, 1, -108, 0, -538)

[node name="Asteroid368" parent="." instance=ExtResource("10_jflcv")]
transform = Transform3D(1, 0, 0, 0, 1, 0, 0, 0, 1, -108, 0, -542.8)

[node name="Asteroid369" parent="." instance=ExtResource("10_jflcv")]
transform = Transform3D(1, 0, 0, 0, 1, 0, 0, 0, 1, -108, 0, -547.3)

[node name="Asteroid370" parent="." instance=ExtResource("10_jflcv")]
transform = Transform3D(1, 0, 0, 0, 1, 0, 0, 0, 1, -108, 0, -552)

[node name="Asteroid371" parent="." instance=ExtResource("10_jflcv")]
transform = Transform3D(1, 0, 0, 0, 1, 0, 0, 0, 1, -108, 0, -556.8)

[node name="Asteroid378" parent="." instance=ExtResource("10_jflcv")]
transform = Transform3D(1, 0, 0, 0, 1, 0, 0, 0, 1, -164, 0, -465.9)

[node name="Asteroid379" parent="." instance=ExtResource("10_jflcv")]
transform = Transform3D(1, 0, 0, 0, 1, 0, 0, 0, 1, -164, 0, -470.7)

[node name="Asteroid380" parent="." instance=ExtResource("10_jflcv")]
transform = Transform3D(1, 0, 0, 0, 1, 0, 0, 0, 1, -164, 0, -474.9)

[node name="Asteroid381" parent="." instance=ExtResource("10_jflcv")]
transform = Transform3D(1, 0, 0, 0, 1, 0, 0, 0, 1, -164, 0, -479.7)

[node name="Asteroid382" parent="." instance=ExtResource("10_jflcv")]
transform = Transform3D(1, 0, 0, 0, 1, 0, 0, 0, 1, -164, 0, -484.3)

[node name="Asteroid383" parent="." instance=ExtResource("10_jflcv")]
transform = Transform3D(1, 0, 0, 0, 1, 0, 0, 0, 1, -164, 0, -489.1)

[node name="Asteroid384" parent="." instance=ExtResource("10_jflcv")]
transform = Transform3D(1, 0, 0, 0, 1, 0, 0, 0, 1, -164, 0, -493.3)

[node name="Asteroid385" parent="." instance=ExtResource("10_jflcv")]
transform = Transform3D(1, 0, 0, 0, 1, 0, 0, 0, 1, -164, 0, -498.1)

[node name="Asteroid386" parent="." instance=ExtResource("10_jflcv")]
transform = Transform3D(1, 0, 0, 0, 1, 0, 0, 0, 1, -164, 0, -503)

[node name="Asteroid387" parent="." instance=ExtResource("10_jflcv")]
transform = Transform3D(1, 0, 0, 0, 1, 0, 0, 0, 1, -164, 0, -507.8)

[node name="Asteroid388" parent="." instance=ExtResource("10_jflcv")]
transform = Transform3D(1, 0, 0, 0, 1, 0, 0, 0, 1, -164, 0, -512)

[node name="Asteroid389" parent="." instance=ExtResource("10_jflcv")]
transform = Transform3D(1, 0, 0, 0, 1, 0, 0, 0, 1, -164, 0, -516.8)

[node name="Asteroid390" parent="." instance=ExtResource("10_jflcv")]
transform = Transform3D(1, 0, 0, 0, 1, 0, 0, 0, 1, -164, 0, -521.4)

[node name="Asteroid391" parent="." instance=ExtResource("10_jflcv")]
transform = Transform3D(1, 0, 0, 0, 1, 0, 0, 0, 1, -164, 0, -526.2)

[node name="Asteroid392" parent="." instance=ExtResource("10_jflcv")]
transform = Transform3D(1, 0, 0, 0, 1, 0, 0, 0, 1, -164, 0, -530.4)

[node name="Asteroid393" parent="." instance=ExtResource("10_jflcv")]
transform = Transform3D(1, 0, 0, 0, 1, 0, 0, 0, 1, -164, 0, -535.2)

[node name="Asteroid394" parent="." instance=ExtResource("10_jflcv")]
transform = Transform3D(1, 0, 0, 0, 1, 0, 0, 0, 1, -164, 0, -540.1)

[node name="Asteroid395" parent="." instance=ExtResource("10_jflcv")]
transform = Transform3D(1, 0, 0, 0, 1, 0, 0, 0, 1, -164, 0, -544.3)

[node name="Asteroid396" parent="." instance=ExtResource("10_jflcv")]
transform = Transform3D(1, 0, 0, 0, 1, 0, 0, 0, 1, -164, 0, -549.1)

[node name="Asteroid397" parent="." instance=ExtResource("10_jflcv")]
transform = Transform3D(1, 0, 0, 0, 1, 0, 0, 0, 1, -164, 0, -553.6)

[node name="Asteroid406" parent="." instance=ExtResource("10_jflcv")]
transform = Transform3D(1, 0, 0, 0, 1, 0, 0, 0, 1, -164, 0, -470.7)

[node name="Asteroid407" parent="." instance=ExtResource("10_jflcv")]
transform = Transform3D(1, 0, 0, 0, 1, 0, 0, 0, 1, -164, 0, -474.9)

[node name="Asteroid408" parent="." instance=ExtResource("10_jflcv")]
transform = Transform3D(1, 0, 0, 0, 1, 0, 0, 0, 1, -164, 0, -479.7)

[node name="Asteroid409" parent="." instance=ExtResource("10_jflcv")]
transform = Transform3D(1, 0, 0, 0, 1, 0, 0, 0, 1, -164, 0, -484.3)

[node name="Asteroid410" parent="." instance=ExtResource("10_jflcv")]
transform = Transform3D(1, 0, 0, 0, 1, 0, 0, 0, 1, -164, 0, -489.1)

[node name="Asteroid411" parent="." instance=ExtResource("10_jflcv")]
transform = Transform3D(1, 0, 0, 0, 1, 0, 0, 0, 1, -164, 0, -493.3)

[node name="Asteroid412" parent="." instance=ExtResource("10_jflcv")]
transform = Transform3D(1, 0, 0, 0, 1, 0, 0, 0, 1, -164, 0, -498.1)

[node name="Asteroid413" parent="." instance=ExtResource("10_jflcv")]
transform = Transform3D(1, 0, 0, 0, 1, 0, 0, 0, 1, -164, 0, -503)

[node name="Asteroid414" parent="." instance=ExtResource("10_jflcv")]
transform = Transform3D(1, 0, 0, 0, 1, 0, 0, 0, 1, -164, 0, -507.8)

[node name="Asteroid415" parent="." instance=ExtResource("10_jflcv")]
transform = Transform3D(1, 0, 0, 0, 1, 0, 0, 0, 1, -164, 0, -512)

[node name="Asteroid416" parent="." instance=ExtResource("10_jflcv")]
transform = Transform3D(1, 0, 0, 0, 1, 0, 0, 0, 1, -164, 0, -516.8)

[node name="Asteroid417" parent="." instance=ExtResource("10_jflcv")]
transform = Transform3D(1, 0, 0, 0, 1, 0, 0, 0, 1, -164, 0, -521.4)

[node name="Asteroid418" parent="." instance=ExtResource("10_jflcv")]
transform = Transform3D(1, 0, 0, 0, 1, 0, 0, 0, 1, -164, 0, -526.2)

[node name="Asteroid419" parent="." instance=ExtResource("10_jflcv")]
transform = Transform3D(1, 0, 0, 0, 1, 0, 0, 0, 1, -164, 0, -530.4)

[node name="Asteroid420" parent="." instance=ExtResource("10_jflcv")]
transform = Transform3D(1, 0, 0, 0, 1, 0, 0, 0, 1, -164, 0, -535.2)

[node name="Asteroid421" parent="." instance=ExtResource("10_jflcv")]
transform = Transform3D(1, 0, 0, 0, 1, 0, 0, 0, 1, -164, 0, -540.1)

[node name="Asteroid422" parent="." instance=ExtResource("10_jflcv")]
transform = Transform3D(1, 0, 0, 0, 1, 0, 0, 0, 1, -164, 0, -544.3)

[node name="Asteroid423" parent="." instance=ExtResource("10_jflcv")]
transform = Transform3D(1, 0, 0, 0, 1, 0, 0, 0, 1, -164, 0, -549.1)

[node name="Asteroid424" parent="." instance=ExtResource("10_jflcv")]
transform = Transform3D(1, 0, 0, 0, 1, 0, 0, 0, 1, -164, 0, -553.6)

[node name="Asteroid425" parent="." instance=ExtResource("10_jflcv")]
transform = Transform3D(1, 0, 0, 0, 1, 0, 0, 0, 1, -161.4, 0, -555.7)

[node name="Asteroid217" parent="." instance=ExtResource("10_jflcv")]
transform = Transform3D(0.984808, -7.5904e-09, -0.173648, 7.5904e-09, 1, -6.64075e-10, 0.173648, -6.64075e-10, 0.984808, -205.813, -4.06517e-08, -229.43)

[node name="Asteroid218" parent="." instance=ExtResource("10_jflcv")]
transform = Transform3D(0.984808, -7.5904e-09, -0.173648, 7.5904e-09, 1, -6.64075e-10, 0.173648, -6.64075e-10, 0.984808, -204.979, -3.74639e-08, -234.157)

[node name="Asteroid219" parent="." instance=ExtResource("10_jflcv")]
transform = Transform3D(0.984808, -7.5904e-09, -0.173648, 7.5904e-09, 1, -6.64075e-10, 0.173648, -6.64075e-10, 0.984808, -204.25, -3.46749e-08, -238.293)

[node name="Asteroid220" parent="." instance=ExtResource("10_jflcv")]
transform = Transform3D(0.984808, -7.5904e-09, -0.173648, 7.5904e-09, 1, -6.64075e-10, 0.173648, -6.64075e-10, 0.984808, -203.416, -3.14876e-08, -243.02)

[node name="Asteroid221" parent="." instance=ExtResource("10_jflcv")]
transform = Transform3D(0.984808, -7.5904e-09, -0.173648, 7.5904e-09, 1, -6.64075e-10, 0.173648, -6.64075e-10, 0.984808, -202.618, -2.84326e-08, -247.55)

[node name="Asteroid222" parent="." instance=ExtResource("10_jflcv")]
transform = Transform3D(0.984808, -7.5904e-09, -0.173648, 7.5904e-09, 1, -6.64075e-10, 0.173648, -6.64075e-10, 0.984808, -201.784, -2.52453e-08, -252.278)

[node name="Asteroid223" parent="." instance=ExtResource("10_jflcv")]
transform = Transform3D(0.984808, -7.5904e-09, -0.173648, 7.5904e-09, 1, -6.64075e-10, 0.173648, -6.64075e-10, 0.984808, -201.055, -2.24559e-08, -256.414)

[node name="Asteroid224" parent="." instance=ExtResource("10_jflcv")]
transform = Transform3D(0.984808, -7.5904e-09, -0.173648, 7.5904e-09, 1, -6.64075e-10, 0.173648, -6.64075e-10, 0.984808, -200.221, -1.92686e-08, -261.141)

[node name="Asteroid225" parent="." instance=ExtResource("10_jflcv")]
transform = Transform3D(0.984808, -7.5904e-09, -0.173648, 7.5904e-09, 1, -6.64075e-10, 0.173648, -6.64075e-10, 0.984808, -199.37, -1.60144e-08, -265.966)

[node name="Asteroid226" parent="." instance=ExtResource("10_jflcv")]
transform = Transform3D(0.984808, -7.5904e-09, -0.173648, 7.5904e-09, 1, -6.64075e-10, 0.173648, -6.64075e-10, 0.984808, -198.537, -1.28271e-08, -270.693)

[node name="Asteroid227" parent="." instance=ExtResource("10_jflcv")]
transform = Transform3D(0.984808, -7.5904e-09, -0.173648, 7.5904e-09, 1, -6.64075e-10, 0.173648, -6.64075e-10, 0.984808, -197.808, -1.00376e-08, -274.83)

[node name="Asteroid228" parent="." instance=ExtResource("10_jflcv")]
